  0.15000000E+01 -0.49419774E+01  0.15497520E+02
  0.15050000E+01 -0.58875684E+01  0.16557991E+02
  0.15100000E+01 -0.72632360E+01  0.17367208E+02
  0.15150000E+01 -0.88699167E+01  0.18013196E+02
  0.15200000E+01 -0.10884319E+02  0.18536965E+02
  0.15250000E+01 -0.12594956E+02  0.18840596E+02
  0.15300000E+01 -0.15270660E+02  0.19386971E+02
  0.15350000E+01 -0.19013287E+02  0.19197966E+02
  0.15400000E+01 -0.21313371E+02  0.18257225E+02
  0.15450000E+01 -0.21908136E+02  0.17591148E+02
  0.15500000E+01 -0.22722161E+02  0.17219479E+02
  0.15550000E+01 -0.24281126E+02  0.16657126E+02
  0.15600000E+01 -0.23882715E+02  0.15678825E+02
  0.15650000E+01 -0.24109689E+02  0.15632521E+02
  0.15700000E+01 -0.25530846E+02  0.15322489E+02
  0.15750000E+01 -0.26397458E+02  0.14591279E+02
  0.15800000E+01 -0.26594435E+02  0.14000952E+02
  0.15850000E+01 -0.26964697E+02  0.13648519E+02
  0.15900000E+01 -0.27464958E+02  0.13233163E+02
  0.15950000E+01 -0.27708902E+02  0.12929931E+02
  0.16000000E+01 -0.28724302E+02  0.12941719E+02
  0.16050000E+01 -0.32328270E+02  0.12186099E+02
  0.16100000E+01 -0.32373678E+02  0.10299573E+02
  0.16150000E+01 -0.32572853E+02  0.90315914E+01
  0.16200000E+01 -0.32243048E+02  0.76846659E+01
  0.16250000E+01 -0.30370397E+02  0.64712051E+01
  0.16300000E+01 -0.28042676E+02  0.60527131E+01
  0.16350000E+01 -0.25959457E+02  0.62678738E+01
  0.16400000E+01 -0.25910861E+02  0.68562621E+01
  0.16450000E+01 -0.26164708E+02  0.76035241E+01
  0.16500000E+01 -0.30861752E+02  0.86944150E+01
  0.16550000E+01 -0.36162602E+02  0.66351425E+01
  0.16600000E+01 -0.37102687E+02  0.56479097E+01
  0.16650000E+01 -0.39848400E+02  0.46453464E+01
  0.16700000E+01 -0.44510010E+02  0.30418104E+01
  0.16750000E+01 -0.46909890E+02 -0.68273824E+00
  0.16800000E+01 -0.45588834E+02 -0.34209136E+01
  0.16850000E+01 -0.44295511E+02 -0.55325530E+01
  0.16900000E+01 -0.43589293E+02 -0.72321670E+01
  0.16950000E+01 -0.43291418E+02 -0.98483696E+01
  0.17000000E+01 -0.39752990E+02 -0.12822676E+02
  0.17050000E+01 -0.34694722E+02 -0.14643531E+02
  0.17100000E+01 -0.30275174E+02 -0.15845506E+02
  0.17150000E+01 -0.25899324E+02 -0.16536183E+02
  0.17200000E+01 -0.21554958E+02 -0.17002806E+02
  0.17250000E+01 -0.17810029E+02 -0.16343628E+02
  0.17300000E+01 -0.16077083E+02 -0.15480292E+02
  0.17350000E+01 -0.15861812E+02 -0.14728418E+02
  0.17400000E+01 -0.16607593E+02 -0.14607904E+02
  0.17450000E+01 -0.16208616E+02 -0.14748597E+02
  0.17500000E+01 -0.15580581E+02 -0.14622214E+02
  0.17550000E+01 -0.15132800E+02 -0.14427293E+02
  0.17600000E+01 -0.14804614E+02 -0.14290279E+02
  0.17650000E+01 -0.14393971E+02 -0.14122235E+02
  0.17700000E+01 -0.13971709E+02 -0.13958890E+02
  0.17750000E+01 -0.13784818E+02 -0.13776030E+02
  0.17800000E+01 -0.13780386E+02 -0.13795803E+02
  0.17850000E+01 -0.13921295E+02 -0.13988103E+02
  0.17900000E+01 -0.13616878E+02 -0.14515023E+02
  0.17950000E+01 -0.12351293E+02 -0.14920359E+02
  0.18000000E+01 -0.11159154E+02 -0.15312713E+02
  0.18050000E+01 -0.89871559E+01 -0.15517012E+02
  0.18100000E+01 -0.71591713E+01 -0.15171841E+02
  0.18150000E+01 -0.61589099E+01 -0.14687993E+02
  0.18200000E+01 -0.53595263E+01 -0.14274655E+02
  0.18250000E+01 -0.47989725E+01 -0.13930293E+02
  0.18300000E+01 -0.45799304E+01 -0.13587319E+02
  0.18350000E+01 -0.52301010E+01 -0.13615754E+02
  0.18400000E+01 -0.38189568E+01 -0.14138562E+02
  0.18450000E+01 -0.22853444E+01 -0.13759825E+02
  0.18500000E+01 -0.12639516E+01 -0.13068543E+02
  0.18550000E+01 -0.15179101E+01 -0.12292541E+02
  0.18600000E+01 -0.19452415E+01 -0.11935469E+02
  0.18650000E+01 -0.23448343E+01 -0.11661989E+02
  0.18700000E+01 -0.28259383E+01 -0.11477267E+02
  0.18750000E+01 -0.32365578E+01 -0.11439496E+02
  0.18800000E+01 -0.31904307E+01 -0.11521351E+02
  0.18850000E+01 -0.28575836E+01 -0.11428546E+02
  0.18900000E+01 -0.27768927E+01 -0.11303619E+02
  0.18950000E+01 -0.24912837E+01 -0.11146248E+02
  0.19000000E+01 -0.24593164E+01 -0.10977275E+02
  0.19050000E+01 -0.22452492E+01 -0.10864302E+02
  0.19100000E+01 -0.19146084E+01 -0.10754861E+02
  0.19150000E+01 -0.15978729E+01 -0.10619238E+02
  0.19200000E+01 -0.13657896E+01 -0.10524407E+02
  0.19250000E+01 -0.10173540E+01 -0.10449375E+02
  0.19300000E+01 -0.59459964E+00 -0.10432697E+02
  0.19350000E+01  0.19504690E+00 -0.10470160E+02
  0.19400000E+01  0.14497294E+01 -0.10267543E+02
  0.19450000E+01  0.20197455E+01 -0.98985830E+01
  0.19500000E+01  0.25542330E+01 -0.96413345E+01
  0.19550000E+01  0.28568267E+01 -0.94508036E+01
  0.19600000E+01  0.33220304E+01 -0.93146799E+01
  0.19650000E+01  0.40592073E+01 -0.90616971E+01
  0.19700000E+01  0.38420028E+01 -0.91659704E+01
  0.19750000E+01  0.61431407E+01 -0.91349630E+01
  0.19800000E+01  0.71920316E+01 -0.87034716E+01
  0.19850000E+01  0.77708851E+01 -0.81986572E+01
  0.19900000E+01  0.84406908E+01 -0.77039713E+01
  0.19950000E+01  0.87893555E+01 -0.71674192E+01
  0.20000000E+01  0.91332341E+01 -0.65957477E+01
  0.20050000E+01  0.91556718E+01 -0.62261733E+01
  0.20100000E+01  0.92693591E+01 -0.58308491E+01
  0.20150000E+01  0.93232678E+01 -0.54701071E+01
  0.20200000E+01  0.95186110E+01 -0.51089389E+01
  0.20250000E+01  0.97190472E+01 -0.46320542E+01
  0.20300000E+01  0.97322681E+01 -0.41966124E+01
  0.20350000E+01  0.97887964E+01 -0.37878449E+01
  0.20400000E+01  0.98905550E+01 -0.33654685E+01
  0.20450000E+01  0.98638966E+01 -0.29085557E+01
  0.20500000E+01  0.96783732E+01 -0.24757011E+01
  0.20550000E+01  0.94448788E+01 -0.20879117E+01
  0.20600000E+01  0.90283098E+01 -0.17747290E+01
  0.20650000E+01  0.84294623E+01 -0.15852158E+01
  0.20700000E+01  0.80138164E+01 -0.10763298E+01
  0.20750000E+01  0.66516912E+01 -0.10559204E+01
  0.20800000E+01  0.69499305E+01 -0.13361535E+01
  0.20850000E+01  0.68574645E+01 -0.11039712E+01
  0.20900000E+01  0.67676730E+01 -0.10768702E+01
  0.20950000E+01  0.70360067E+01 -0.12411807E+01
  0.21000000E+01  0.81181377E+01 -0.95283869E+00
  0.21050000E+01  0.82723592E+01 -0.32039411E+00
  0.21100000E+01  0.81288117E+01  0.14516053E+00
  0.21150000E+01  0.77578949E+01  0.91253037E+00
  0.21200000E+01  0.59727848E+01  0.16753942E+01
  0.21250000E+01  0.39293860E+01  0.18168990E+01
  0.21300000E+01  0.25250281E+01  0.14704516E+01
  0.21350000E+01  0.20446440E+01  0.86905918E+00
  0.21400000E+01  0.26540467E+01  0.50643188E+00
  0.21450000E+01  0.36234133E+01  0.32169283E+00
  0.21500000E+01  0.42759563E+01  0.59283139E+00
  0.21550000E+01  0.45090229E+01  0.95773507E+00
  0.21600000E+01  0.41526017E+01  0.13316917E+01
  0.21650000E+01  0.33410956E+01  0.14687414E+01
  0.21700000E+01  0.32849874E+01  0.11389219E+01
  0.21750000E+01  0.46436358E+01  0.98348431E+00
  0.21800000E+01  0.64571708E+01  0.14426315E+01
  0.21850000E+01  0.76950257E+01  0.20954270E+01
  0.21900000E+01  0.77702920E+01  0.32509421E+01
  0.21950000E+01  0.63578855E+01  0.41899206E+01
  0.22000000E+01  0.46888643E+01  0.44477035E+01
  0.22050000E+01  0.49419895E+01  0.48223959E+01
  0.22100000E+01  0.46431771E+01  0.62146998E+01
  0.22150000E+01  0.76198250E+00  0.69501056E+01
  0.22200000E+01 -0.21918596E+01  0.67618672E+01
  0.22250000E+01 -0.24508171E+01  0.57115420E+01
  0.22300000E+01 -0.22260591E+01  0.52491656E+01
  0.22350000E+01 -0.21052923E+01  0.57536669E+01
  0.22400000E+01 -0.33435352E+01  0.53558298E+01
  0.22450000E+01 -0.33066074E+01  0.47454341E+01
  0.22500000E+01 -0.24134461E+01  0.43390284E+01
  0.22550000E+01 -0.86420999E+00  0.43169731E+01
  0.22600000E+01 -0.10983941E-01  0.51352078E+01
  0.22650000E+01 -0.15985439E+01  0.57193963E+01
  0.22700000E+01 -0.30501592E+01  0.56291851E+01
  0.22750000E+01 -0.46831463E+01  0.54534357E+01
  0.22800000E+01 -0.55983464E+01  0.47916684E+01
  0.22850000E+01 -0.57589573E+01  0.44429951E+01
  0.22900000E+01 -0.61064236E+01  0.39460805E+01
  0.22950000E+01 -0.60636631E+01  0.34869857E+01
  0.23000000E+01 -0.61012656E+01  0.30457164E+01
  0.23050000E+01 -0.55581820E+01  0.25853157E+01
  0.23100000E+01 -0.54087473E+01  0.23726564E+01
  0.23150000E+01 -0.54285326E+01  0.17731475E+01
  0.23200000E+01 -0.30139069E+01  0.12070598E+01
  0.23250000E+01 -0.15276933E+01  0.17146724E+01
  0.23300000E+01 -0.14685955E+01  0.20035724E+01
  0.23350000E+01 -0.11220959E+01  0.23833303E+01
  0.23400000E+01 -0.77736825E+00  0.26452547E+01
  0.23450000E+01 -0.89095067E-01  0.26757034E+01
  0.23500000E+01  0.48559834E+00  0.30112721E+01
  0.23550000E+01  0.11369357E+01  0.33857412E+01
  0.23600000E+01  0.12562834E+01  0.47546493E+01
  0.23650000E+01 -0.16108948E+00  0.49575193E+01
  0.23700000E+01 -0.45736813E+00  0.51910796E+01
  0.23750000E+01 -0.57543471E+00  0.54726636E+01
  0.23800000E+01 -0.13276883E+01  0.64009728E+01
  0.23850000E+01 -0.35203769E+01  0.58922435E+01
  0.23900000E+01 -0.47603909E+01  0.56525549E+01
  0.23950000E+01 -0.52941826E+01  0.49378443E+01
  0.24000000E+01 -0.48158078E+01  0.41868458E+01
  0.24050000E+01 -0.31012033E+01  0.33720250E+01
  0.24100000E+01 -0.81625251E+00  0.30997312E+01
  0.24150000E+01  0.15197622E+01  0.33602136E+01
  0.24200000E+01  0.32293854E+01  0.39666253E+01
  0.24250000E+01  0.42153367E+01  0.44569870E+01
  0.24300000E+01  0.56345912E+01  0.50948941E+01
  0.24350000E+01  0.67727309E+01  0.58640294E+01
  0.24400000E+01  0.73574985E+01  0.66427279E+01
  0.24450000E+01  0.79061225E+01  0.75126740E+01
  0.24500000E+01  0.81445377E+01  0.80369860E+01
  0.24550000E+01  0.91073238E+01  0.86558796E+01
  0.24600000E+01  0.98989163E+01  0.95596057E+01
  0.24650000E+01  0.10886211E+02  0.10290432E+02
  0.24700000E+01  0.12532068E+02  0.10976947E+02
  0.24750000E+01  0.13814924E+02  0.12228221E+02
  0.24800000E+01  0.15140180E+02  0.13356640E+02
  0.24850000E+01  0.16694521E+02  0.14839315E+02
  0.24900000E+01  0.18466877E+02  0.16960049E+02
  0.24950000E+01  0.17171196E+02  0.19739466E+02
  0.25000000E+01  0.15618954E+02  0.21732414E+02
  0.25050000E+01  0.13343657E+02  0.23659430E+02
  0.25100000E+01  0.10094665E+02  0.24239784E+02
  0.25150000E+01  0.69514940E+01  0.25811890E+02
  0.25200000E+01  0.28517907E+01  0.26791145E+02
  0.25250000E+01 -0.13715636E+01  0.27025147E+02
  0.25300000E+01 -0.38839752E+01  0.26650495E+02
  0.25350000E+01 -0.49457290E+01  0.26670583E+02
  0.25400000E+01 -0.65183590E+01  0.27583598E+02
  0.25450000E+01 -0.10130507E+02  0.28364358E+02
  0.25500000E+01 -0.15659563E+02  0.28784134E+02
  0.25550000E+01 -0.23311086E+02  0.27493965E+02
  0.25600000E+01 -0.26716935E+02  0.24436194E+02
  0.25650000E+01 -0.25805049E+02  0.22115536E+02
  0.25700000E+01 -0.25008642E+02  0.21122345E+02
  0.25750000E+01 -0.25998545E+02  0.20040078E+02
  0.25800000E+01 -0.27255491E+02  0.18938404E+02
  0.25850000E+01 -0.26519348E+02  0.16890438E+02
  0.25900000E+01 -0.23817020E+02  0.15467557E+02
  0.25950000E+01 -0.20607107E+02  0.14722306E+02
  0.26000000E+01 -0.17701981E+02  0.14586751E+02
  0.26050000E+01 -0.15581014E+02  0.15052166E+02
  0.26100000E+01 -0.14245098E+02  0.15489785E+02
  0.26150000E+01 -0.13707659E+02  0.16227169E+02
  0.26200000E+01 -0.13976674E+02  0.16922345E+02
  0.26250000E+01 -0.14782206E+02  0.17534980E+02
  0.26300000E+01 -0.16112361E+02  0.17921947E+02
  0.26350000E+01 -0.17548021E+02  0.17965159E+02
  0.26400000E+01 -0.18139918E+02  0.18209506E+02
  0.26450000E+01 -0.20273467E+02  0.18322053E+02
  0.26500000E+01 -0.21345194E+02  0.18029821E+02
  0.26550000E+01 -0.22138209E+02  0.17871893E+02
  0.26600000E+01 -0.22075048E+02  0.18032274E+02
  0.26650000E+01 -0.23909778E+02  0.18874990E+02
  0.26700000E+01 -0.26711826E+02  0.18960879E+02
  0.26750000E+01 -0.29356885E+02  0.18542745E+02
  0.26800000E+01 -0.31800210E+02  0.17742805E+02
  0.26850000E+01 -0.32559935E+02  0.16400779E+02
  0.26900000E+01 -0.32630474E+02  0.15707077E+02
  0.26950000E+01 -0.32035350E+02  0.15014666E+02
  0.27000000E+01 -0.30903866E+02  0.14764027E+02
  0.27050000E+01 -0.30462085E+02  0.15061494E+02
  0.27100000E+01 -0.30520619E+02  0.15138306E+02
  0.27150000E+01 -0.30941044E+02  0.15749835E+02
  0.27200000E+01 -0.33031192E+02  0.16179273E+02
  0.27250000E+01 -0.35223360E+02  0.16223758E+02
  0.27300000E+01 -0.37617711E+02  0.16120943E+02
  0.27350000E+01 -0.40059331E+02  0.15510268E+02
  0.27400000E+01 -0.41670430E+02  0.14772784E+02
  0.27450000E+01 -0.42903762E+02  0.14256200E+02
  0.27500000E+01 -0.45058937E+02  0.13561857E+02
  0.27550000E+01 -0.46065439E+02  0.12930533E+02
  0.27600000E+01 -0.48441763E+02  0.12358342E+02
  0.27650000E+01 -0.51157378E+02  0.11358597E+02
  0.27700000E+01 -0.53999318E+02  0.99672247E+01
  0.27750000E+01 -0.56238627E+02  0.81516907E+01
  0.27800000E+01 -0.57903326E+02  0.63703073E+01
  0.27850000E+01 -0.59902967E+02  0.42577077E+01
  0.27900000E+01 -0.60382636E+02  0.17076949E+01
  0.27950000E+01 -0.59379851E+02 -0.69107040E+00
  0.28000000E+01 -0.57504131E+02 -0.23598084E+01
  0.28050000E+01 -0.55188306E+02 -0.37902467E+01
  0.28100000E+01 -0.55203925E+02 -0.44910749E+01
  0.28150000E+01 -0.54488799E+02 -0.60745831E+01
  0.28200000E+01 -0.52226806E+02 -0.76230203E+01
  0.28250000E+01 -0.50134791E+02 -0.83839683E+01
  0.28300000E+01 -0.48786192E+02 -0.91556215E+01
  0.28350000E+01 -0.47510766E+02 -0.99229055E+01
  0.28400000E+01 -0.46375061E+02 -0.10646103E+02
  0.28450000E+01 -0.44614374E+02 -0.11495618E+02
  0.28500000E+01 -0.41996338E+02 -0.12019506E+02
  0.28550000E+01 -0.39829796E+02 -0.11994708E+02
  0.28600000E+01 -0.39094271E+02 -0.12050707E+02
  0.28650000E+01 -0.38357404E+02 -0.12066932E+02
  0.28700000E+01 -0.37784232E+02 -0.12787862E+02
  0.28750000E+01 -0.36161284E+02 -0.12831094E+02
  0.28800000E+01 -0.33754097E+02 -0.13042764E+02
  0.28850000E+01 -0.32224794E+02 -0.12252472E+02
  0.28900000E+01 -0.32352549E+02 -0.11676135E+02
  0.28950000E+01 -0.32718062E+02 -0.11624455E+02
  0.29000000E+01 -0.32056223E+02 -0.11813078E+02
  0.29050000E+01 -0.30758348E+02 -0.11941173E+02
  0.29100000E+01 -0.28514166E+02 -0.11673854E+02
  0.29150000E+01 -0.27306819E+02 -0.10757987E+02
  0.29200000E+01 -0.27404357E+02 -0.97721958E+01
  0.29250000E+01 -0.29471354E+02 -0.91766045E+01
  0.29300000E+01 -0.31324598E+02 -0.91135833E+01
  0.29350000E+01 -0.32964240E+02 -0.98294481E+01
  0.29400000E+01 -0.32145787E+02 -0.10768698E+02
  0.29450000E+01 -0.30629813E+02 -0.10706526E+02
  0.29500000E+01 -0.31672376E+02 -0.10366685E+02
  0.29550000E+01 -0.33376924E+02 -0.10743932E+02
  0.29600000E+01 -0.34694228E+02 -0.11430724E+02
  0.29650000E+01 -0.34916643E+02 -0.12306975E+02
  0.29700000E+01 -0.34212453E+02 -0.12180714E+02
  0.29750000E+01 -0.35314812E+02 -0.13365898E+02
  0.29800000E+01 -0.33943947E+02 -0.13898628E+02
  0.29850000E+01 -0.33602060E+02 -0.13839300E+02
  0.29900000E+01 -0.34947686E+02 -0.14052925E+02
  0.29950000E+01 -0.36031397E+02 -0.14877250E+02
  0.30000000E+01 -0.36896282E+02 -0.15707882E+02
  0.30050000E+01 -0.37894598E+02 -0.17264168E+02
  0.30100000E+01 -0.36552509E+02 -0.19209479E+02
  0.30150000E+01 -0.33453937E+02 -0.20513605E+02
  0.30200000E+01 -0.30213751E+02 -0.21258302E+02
  0.30250000E+01 -0.27279560E+02 -0.21563302E+02
  0.30300000E+01 -0.24701380E+02 -0.21590375E+02
  0.30350000E+01 -0.22621727E+02 -0.21865379E+02
  0.30400000E+01 -0.19161907E+02 -0.21734871E+02
  0.30450000E+01 -0.17621171E+02 -0.21252170E+02
  0.30500000E+01 -0.16403182E+02 -0.21485688E+02
  0.30550000E+01 -0.13776309E+02 -0.21205464E+02
  0.30600000E+01 -0.12307658E+02 -0.20738605E+02
  0.30650000E+01 -0.90340743E+01 -0.20322494E+02
  0.30700000E+01 -0.62672884E+01 -0.19042499E+02
  0.30750000E+01 -0.45602847E+01 -0.17565939E+02
  0.30800000E+01 -0.35281235E+01 -0.15486454E+02
  0.30850000E+01 -0.48781548E+01 -0.13977749E+02
  0.30900000E+01 -0.50863853E+01 -0.13041071E+02
  0.30950000E+01 -0.42912356E+01 -0.11687237E+02
  0.31000000E+01 -0.45393375E+01 -0.98104416E+01
  0.31050000E+01 -0.66588858E+01 -0.83515854E+01
  0.31100000E+01 -0.95352292E+01 -0.71858579E+01
  0.31150000E+01 -0.13363159E+02 -0.67457478E+01
  0.31200000E+01 -0.16454113E+02 -0.71574593E+01
  0.31250000E+01 -0.17864145E+02 -0.77192793E+01
  0.31300000E+01 -0.18498045E+02 -0.85990638E+01
  0.31350000E+01 -0.18200431E+02 -0.90746528E+01
  0.31400000E+01 -0.17729969E+02 -0.92440785E+01
  0.31450000E+01 -0.17162241E+02 -0.96448865E+01
  0.31500000E+01 -0.16606490E+02 -0.88702536E+01
  0.31550000E+01 -0.18175587E+02 -0.85449741E+01
  0.31600000E+01 -0.19873491E+02 -0.89934234E+01
  0.31650000E+01 -0.19064721E+02 -0.10047759E+02
  0.31700000E+01 -0.15699788E+02 -0.94107302E+01
  0.31750000E+01 -0.15567152E+02 -0.86094372E+01
  0.31800000E+01 -0.13698149E+02 -0.75797637E+01
  0.31850000E+01 -0.14503722E+02 -0.54826946E+01
  0.31900000E+01 -0.17769288E+02 -0.40843693E+01
  0.31950000E+01 -0.21296763E+02 -0.28669897E+01
  0.32000000E+01 -0.28381409E+02 -0.22251525E+01
  0.32050000E+01 -0.38574000E+02 -0.47636665E+01
  0.32100000E+01 -0.39639660E+02 -0.82868519E+01
  0.32150000E+01 -0.42151236E+02 -0.10185148E+02
  0.32200000E+01 -0.41953230E+02 -0.12075504E+02
  0.32250000E+01 -0.43641459E+02 -0.14045957E+02
  0.32300000E+01 -0.43269618E+02 -0.16590528E+02
  0.32350000E+01 -0.40429695E+02 -0.18370563E+02
  0.32400000E+01 -0.38272497E+02 -0.19403904E+02
  0.32450000E+01 -0.35722178E+02 -0.19989469E+02
  0.32500000E+01 -0.34186576E+02 -0.19494395E+02
  0.32550000E+01 -0.36749072E+02 -0.19607249E+02
  0.32600000E+01 -0.36634823E+02 -0.20977134E+02
  0.32650000E+01 -0.35426292E+02 -0.22562984E+02
  0.32700000E+01 -0.30704892E+02 -0.23380615E+02
  0.32750000E+01 -0.25392701E+02 -0.21929083E+02
  0.32800000E+01 -0.27781589E+02 -0.19686119E+02
  0.32850000E+01 -0.31451549E+02 -0.19623754E+02
  0.32900000E+01 -0.34742903E+02 -0.20507562E+02
  0.32950000E+01 -0.37696348E+02 -0.22594887E+02
  0.33000000E+01 -0.37161198E+02 -0.25663410E+02
  0.33050000E+01 -0.31348530E+02 -0.28181446E+02
  0.33100000E+01 -0.25219129E+02 -0.28101956E+02
  0.33150000E+01 -0.20734304E+02 -0.27014870E+02
  0.33200000E+01 -0.18027122E+02 -0.24926186E+02
  0.33250000E+01 -0.19430108E+02 -0.23552391E+02
  0.33300000E+01 -0.22180016E+02 -0.23346160E+02
  0.33350000E+01 -0.21474397E+02 -0.23885063E+02
  0.33400000E+01 -0.20085237E+02 -0.23998528E+02
  0.33450000E+01 -0.18398866E+02 -0.23543267E+02
  0.33500000E+01 -0.18509974E+02 -0.22710171E+02
  0.33550000E+01 -0.19840878E+02 -0.22131942E+02
  0.33600000E+01 -0.21585428E+02 -0.22238005E+02
  0.33650000E+01 -0.22897940E+02 -0.22851589E+02
  0.33700000E+01 -0.22293260E+02 -0.23206378E+02
  0.33750000E+01 -0.24187621E+02 -0.23138921E+02
  0.33800000E+01 -0.24692409E+02 -0.24558738E+02
  0.33850000E+01 -0.23869869E+02 -0.25752432E+02
  0.33900000E+01 -0.21242606E+02 -0.26103377E+02
  0.33950000E+01 -0.20577768E+02 -0.26142868E+02
  0.34000000E+01 -0.20152269E+02 -0.26195918E+02
  0.34050000E+01 -0.19837882E+02 -0.26215899E+02
  0.34100000E+01 -0.19634291E+02 -0.26661129E+02
  0.34150000E+01 -0.19620175E+02 -0.26763742E+02
  0.34200000E+01 -0.19188262E+02 -0.27429664E+02
  0.34250000E+01 -0.18509494E+02 -0.26955474E+02
  0.34300000E+01 -0.17802727E+02 -0.26858856E+02
  0.34350000E+01 -0.18543025E+02 -0.26431250E+02
  0.34400000E+01 -0.19591281E+02 -0.26758550E+02
  0.34450000E+01 -0.18921914E+02 -0.26842925E+02
  0.34500000E+01 -0.19000873E+02 -0.26645654E+02
  0.34550000E+01 -0.20084811E+02 -0.26312165E+02
  0.34600000E+01 -0.22006294E+02 -0.26466178E+02
  0.34650000E+01 -0.23693077E+02 -0.27380731E+02
  0.34700000E+01 -0.23797151E+02 -0.28421340E+02
  0.34750000E+01 -0.23517253E+02 -0.29036164E+02
  0.34800000E+01 -0.24264532E+02 -0.29579727E+02
  0.34850000E+01 -0.24431136E+02 -0.30453506E+02
  0.34900000E+01 -0.24148509E+02 -0.31676793E+02
  0.34950000E+01 -0.22782444E+02 -0.32491836E+02
  0.35000000E+01 -0.21726661E+02 -0.33260619E+02
