  0.15000000E+01  0.25779764E+04 -0.28384018E+04
  0.15050000E+01  0.25978147E+04 -0.28420808E+04
  0.15100000E+01  0.26204840E+04 -0.28461026E+04
  0.15150000E+01  0.26475375E+04 -0.28491625E+04
  0.15200000E+01  0.26779835E+04 -0.28496547E+04
  0.15250000E+01  0.27008662E+04 -0.28447722E+04
  0.15300000E+01  0.27199071E+04 -0.28391305E+04
  0.15350000E+01  0.27317990E+04 -0.28364808E+04
  0.15400000E+01  0.27432384E+04 -0.28345983E+04
  0.15450000E+01  0.27534167E+04 -0.28341942E+04
  0.15500000E+01  0.27611962E+04 -0.28346149E+04
  0.15550000E+01  0.27728457E+04 -0.28371568E+04
  0.15600000E+01  0.27817594E+04 -0.28382356E+04
  0.15650000E+01  0.27920078E+04 -0.28411654E+04
  0.15700000E+01  0.28072888E+04 -0.28459154E+04
  0.15750000E+01  0.28263520E+04 -0.28495615E+04
  0.15800000E+01  0.28475012E+04 -0.28513498E+04
  0.15850000E+01  0.28655052E+04 -0.28508565E+04
  0.15900000E+01  0.28800942E+04 -0.28506604E+04
  0.15950000E+01  0.28954575E+04 -0.28506435E+04
  0.16000000E+01  0.29100752E+04 -0.28506748E+04
  0.16050000E+01  0.29291569E+04 -0.28500617E+04
  0.16100000E+01  0.29459932E+04 -0.28477439E+04
  0.16150000E+01  0.29610362E+04 -0.28457108E+04
  0.16200000E+01  0.29753765E+04 -0.28429294E+04
  0.16250000E+01  0.29875700E+04 -0.28424474E+04
  0.16300000E+01  0.30092253E+04 -0.28428989E+04
  0.16350000E+01  0.30399802E+04 -0.28415584E+04
  0.16400000E+01  0.30695952E+04 -0.28315556E+04
  0.16450000E+01  0.31046810E+04 -0.28217384E+04
  0.16500000E+01  0.31311933E+04 -0.28022085E+04
  0.16550000E+01  0.31375443E+04 -0.27784544E+04
  0.16600000E+01  0.31236795E+04 -0.27706498E+04
  0.16650000E+01  0.31295608E+04 -0.27638233E+04
  0.16700000E+01  0.31433465E+04 -0.27577029E+04
  0.16750000E+01  0.31626795E+04 -0.27500130E+04
  0.16800000E+01  0.31880555E+04 -0.27352712E+04
  0.16850000E+01  0.32116085E+04 -0.27155649E+04
  0.16900000E+01  0.32164960E+04 -0.26876147E+04
  0.16950000E+01  0.31992853E+04 -0.26564905E+04
  0.17000000E+01  0.31363046E+04 -0.26223013E+04
  0.17050000E+01  0.30505048E+04 -0.26117728E+04
  0.17100000E+01  0.29827553E+04 -0.26151343E+04
  0.17150000E+01  0.29330623E+04 -0.26249660E+04
  0.17200000E+01  0.28948742E+04 -0.26346659E+04
  0.17250000E+01  0.28558190E+04 -0.26491544E+04
  0.17300000E+01  0.28266580E+04 -0.26679661E+04
  0.17350000E+01  0.28098403E+04 -0.26881740E+04
  0.17400000E+01  0.28044962E+04 -0.27043919E+04
  0.17450000E+01  0.27912536E+04 -0.27166024E+04
  0.17500000E+01  0.27692580E+04 -0.27316372E+04
  0.17550000E+01  0.27504039E+04 -0.27507958E+04
  0.17600000E+01  0.27361796E+04 -0.27714559E+04
  0.17650000E+01  0.27275332E+04 -0.27933449E+04
  0.17700000E+01  0.27236295E+04 -0.28145052E+04
  0.17750000E+01  0.27214071E+04 -0.28352103E+04
  0.17800000E+01  0.27200503E+04 -0.28547523E+04
  0.17850000E+01  0.27188436E+04 -0.28747442E+04
  0.17900000E+01  0.27192111E+04 -0.28947278E+04
  0.17950000E+01  0.27214422E+04 -0.29146679E+04
  0.18000000E+01  0.27249973E+04 -0.29321600E+04
  0.18050000E+01  0.27189828E+04 -0.29506479E+04
  0.18100000E+01  0.27160214E+04 -0.29724419E+04
  0.18150000E+01  0.27158496E+04 -0.29945577E+04
  0.18200000E+01  0.27172503E+04 -0.30176325E+04
  0.18250000E+01  0.27194856E+04 -0.30411576E+04
  0.18300000E+01  0.27246909E+04 -0.30665287E+04
  0.18350000E+01  0.27355207E+04 -0.30923783E+04
  0.18400000E+01  0.27497499E+04 -0.31176347E+04
  0.18450000E+01  0.27666468E+04 -0.31427598E+04
  0.18500000E+01  0.27898834E+04 -0.31675072E+04
  0.18550000E+01  0.28072505E+04 -0.31876854E+04
  0.18600000E+01  0.28282168E+04 -0.32106675E+04
  0.18650000E+01  0.28470318E+04 -0.32346453E+04
  0.18700000E+01  0.28709882E+04 -0.32588493E+04
  0.18750000E+01  0.28967757E+04 -0.32825987E+04
  0.18800000E+01  0.29236875E+04 -0.33065941E+04
  0.18850000E+01  0.29557616E+04 -0.33315987E+04
  0.18900000E+01  0.29992990E+04 -0.33557401E+04
  0.18950000E+01  0.30445512E+04 -0.33710986E+04
  0.19000000E+01  0.30856718E+04 -0.33893780E+04
  0.19050000E+01  0.31196757E+04 -0.34035380E+04
  0.19100000E+01  0.31646102E+04 -0.34199910E+04
  0.19150000E+01  0.32139894E+04 -0.34328456E+04
  0.19200000E+01  0.32607574E+04 -0.34426227E+04
  0.19250000E+01  0.33063059E+04 -0.34507296E+04
  0.19300000E+01  0.33528786E+04 -0.34596006E+04
  0.19350000E+01  0.34079686E+04 -0.34667120E+04
  0.19400000E+01  0.34651154E+04 -0.34675021E+04
  0.19450000E+01  0.35223671E+04 -0.34619011E+04
  0.19500000E+01  0.35544011E+04 -0.34525432E+04
  0.19550000E+01  0.35841141E+04 -0.34493005E+04
  0.19600000E+01  0.36190714E+04 -0.34461316E+04
  0.19650000E+01  0.36546028E+04 -0.34388415E+04
  0.19700000E+01  0.36746399E+04 -0.34267411E+04
  0.19750000E+01  0.36746864E+04 -0.34217610E+04
  0.19800000E+01  0.36807865E+04 -0.34225449E+04
  0.19850000E+01  0.36947367E+04 -0.34246574E+04
  0.19900000E+01  0.37067142E+04 -0.34249478E+04
  0.19950000E+01  0.37117953E+04 -0.34269057E+04
  0.20000000E+01  0.37163008E+04 -0.34322631E+04
  0.20050000E+01  0.37225662E+04 -0.34399338E+04
  0.20100000E+01  0.37321109E+04 -0.34493873E+04
  0.20150000E+01  0.37453988E+04 -0.34599701E+04
  0.20200000E+01  0.37629481E+04 -0.34709258E+04
  0.20250000E+01  0.37819043E+04 -0.34805708E+04
  0.20300000E+01  0.38002228E+04 -0.34921966E+04
  0.20350000E+01  0.38234928E+04 -0.35046210E+04
  0.20400000E+01  0.38510048E+04 -0.35168578E+04
  0.20450000E+01  0.38821720E+04 -0.35283124E+04
  0.20500000E+01  0.39171662E+04 -0.35392235E+04
  0.20550000E+01  0.39597528E+04 -0.35489701E+04
  0.20600000E+01  0.40079535E+04 -0.35542252E+04
  0.20650000E+01  0.40554800E+04 -0.35554708E+04
  0.20700000E+01  0.41006573E+04 -0.35482801E+04
  0.20750000E+01  0.41238595E+04 -0.35398506E+04
  0.20800000E+01  0.41341766E+04 -0.35359342E+04
  0.20850000E+01  0.41471852E+04 -0.35379017E+04
  0.20900000E+01  0.41696191E+04 -0.35405699E+04
  0.20950000E+01  0.41928633E+04 -0.35411858E+04
  0.21000000E+01  0.42121620E+04 -0.35434857E+04
  0.21050000E+01  0.42380060E+04 -0.35478435E+04
  0.21100000E+01  0.42721624E+04 -0.35515766E+04
  0.21150000E+01  0.43107570E+04 -0.35518869E+04
  0.21200000E+01  0.43445904E+04 -0.35487124E+04
  0.21250000E+01  0.43720155E+04 -0.35449469E+04
  0.21300000E+01  0.43962712E+04 -0.35428319E+04
  0.21350000E+01  0.44191805E+04 -0.35397665E+04
  0.21400000E+01  0.44467590E+04 -0.35387309E+04
  0.21450000E+01  0.44765896E+04 -0.35344652E+04
  0.21500000E+01  0.44977470E+04 -0.35287308E+04
  0.21550000E+01  0.45156319E+04 -0.35262063E+04
  0.21600000E+01  0.45391292E+04 -0.35247038E+04
  0.21650000E+01  0.45674811E+04 -0.35217835E+04
  0.21700000E+01  0.45945993E+04 -0.35165646E+04
  0.21750000E+01  0.46181319E+04 -0.35095541E+04
  0.21800000E+01  0.46379673E+04 -0.35046396E+04
  0.21850000E+01  0.46620918E+04 -0.34984787E+04
  0.21900000E+01  0.46885819E+04 -0.34887764E+04
  0.21950000E+01  0.47044490E+04 -0.34694135E+04
  0.22000000E+01  0.47093020E+04 -0.34637613E+04
  0.22050000E+01  0.47402143E+04 -0.34481244E+04
  0.22100000E+01  0.47263959E+04 -0.34198354E+04
  0.22150000E+01  0.46788928E+04 -0.34112099E+04
  0.22200000E+01  0.46524935E+04 -0.34158862E+04
  0.22250000E+01  0.46385769E+04 -0.34244578E+04
  0.22300000E+01  0.46491538E+04 -0.34360775E+04
  0.22350000E+01  0.46809937E+04 -0.34105543E+04
  0.22400000E+01  0.46354938E+04 -0.34094812E+04
  0.22450000E+01  0.46183391E+04 -0.34206144E+04
  0.22500000E+01  0.46139034E+04 -0.34337741E+04
  0.22550000E+01  0.46177752E+04 -0.34472485E+04
  0.22600000E+01  0.46308742E+04 -0.34605178E+04
  0.22650000E+01  0.46514790E+04 -0.34724283E+04
  0.22700000E+01  0.46793165E+04 -0.34794191E+04
  0.22750000E+01  0.46979373E+04 -0.34879329E+04
  0.22800000E+01  0.47273146E+04 -0.34975648E+04
  0.22850000E+01  0.47644738E+04 -0.35028595E+04
  0.22900000E+01  0.47925660E+04 -0.35038849E+04
  0.22950000E+01  0.48170879E+04 -0.35083103E+04
  0.23000000E+01  0.48454864E+04 -0.35138287E+04
  0.23050000E+01  0.48797757E+04 -0.35194699E+04
  0.23100000E+01  0.49248501E+04 -0.35234789E+04
  0.23150000E+01  0.49776649E+04 -0.35204933E+04
  0.23200000E+01  0.50140664E+04 -0.35060663E+04
  0.23250000E+01  0.50241861E+04 -0.34952433E+04
  0.23300000E+01  0.50296518E+04 -0.34906933E+04
  0.23350000E+01  0.50336112E+04 -0.34890268E+04
  0.23400000E+01  0.50397603E+04 -0.34910068E+04
  0.23450000E+01  0.50505424E+04 -0.34942031E+04
  0.23500000E+01  0.50641621E+04 -0.34979786E+04
  0.23550000E+01  0.50796794E+04 -0.35016413E+04
  0.23600000E+01  0.50972411E+04 -0.35042045E+04
  0.23650000E+01  0.51122096E+04 -0.35070897E+04
  0.23700000E+01  0.51284379E+04 -0.35100884E+04
  0.23750000E+01  0.51446386E+04 -0.35139133E+04
  0.23800000E+01  0.51651374E+04 -0.35186696E+04
  0.23850000E+01  0.51882542E+04 -0.35226234E+04
  0.23900000E+01  0.52170384E+04 -0.35260768E+04
  0.23950000E+01  0.52515978E+04 -0.35267173E+04
  0.24000000E+01  0.52830179E+04 -0.35208770E+04
  0.24050000E+01  0.52922557E+04 -0.35138775E+04
  0.24100000E+01  0.53015514E+04 -0.35141852E+04
  0.24150000E+01  0.53180952E+04 -0.35176080E+04
  0.24200000E+01  0.53435948E+04 -0.35190046E+04
  0.24250000E+01  0.53689536E+04 -0.35202463E+04
  0.24300000E+01  0.53939555E+04 -0.35151800E+04
  0.24350000E+01  0.54026627E+04 -0.35128650E+04
  0.24400000E+01  0.54110814E+04 -0.35147700E+04
  0.24450000E+01  0.54190183E+04 -0.35192027E+04
  0.24500000E+01  0.54303639E+04 -0.35262761E+04
  0.24550000E+01  0.54459642E+04 -0.35355893E+04
  0.24600000E+01  0.54647926E+04 -0.35481125E+04
  0.24650000E+01  0.54987072E+04 -0.35629209E+04
  0.24700000E+01  0.55471511E+04 -0.35749242E+04
  0.24750000E+01  0.55948810E+04 -0.35833317E+04
  0.24800000E+01  0.56480941E+04 -0.35935962E+04
  0.24850000E+01  0.57122768E+04 -0.36041197E+04
  0.24900000E+01  0.57924817E+04 -0.36120264E+04
  0.24950000E+01  0.58851271E+04 -0.36140735E+04
  0.25000000E+01  0.59862512E+04 -0.36060665E+04
  0.25050000E+01  0.60741081E+04 -0.35899983E+04
  0.25100000E+01  0.61574897E+04 -0.35712146E+04
  0.25150000E+01  0.62397010E+04 -0.35486629E+04
  0.25200000E+01  0.63209119E+04 -0.35200757E+04
  0.25250000E+01  0.63858889E+04 -0.34813735E+04
  0.25300000E+01  0.64367301E+04 -0.34399284E+04
  0.25350000E+01  0.64696743E+04 -0.33988145E+04
  0.25400000E+01  0.64814265E+04 -0.33627762E+04
  0.25450000E+01  0.64923898E+04 -0.33318203E+04
  0.25500000E+01  0.65047652E+04 -0.33043031E+04
  0.25550000E+01  0.65154890E+04 -0.32772236E+04
  0.25600000E+01  0.65238830E+04 -0.32540190E+04
  0.25650000E+01  0.65379663E+04 -0.32326233E+04
  0.25700000E+01  0.65617731E+04 -0.32047315E+04
  0.25750000E+01  0.65606720E+04 -0.31766699E+04
  0.25800000E+01  0.65587545E+04 -0.31531672E+04
  0.25850000E+01  0.65511096E+04 -0.31311849E+04
  0.25900000E+01  0.65370822E+04 -0.31138688E+04
  0.25950000E+01  0.65286951E+04 -0.31029409E+04
  0.26000000E+01  0.65322827E+04 -0.30933442E+04
  0.26050000E+01  0.65439103E+04 -0.30823428E+04
  0.26100000E+01  0.65615710E+04 -0.30666630E+04
  0.26150000E+01  0.65612623E+04 -0.30475731E+04
  0.26200000E+01  0.65540168E+04 -0.30358047E+04
  0.26250000E+01  0.65546425E+04 -0.30274443E+04
  0.26300000E+01  0.65735609E+04 -0.30164772E+04
  0.26350000E+01  0.65714198E+04 -0.30007484E+04
  0.26400000E+01  0.65744516E+04 -0.29854330E+04
  0.26450000E+01  0.65601080E+04 -0.29722921E+04
  0.26500000E+01  0.65431831E+04 -0.29651244E+04
  0.26550000E+01  0.65307495E+04 -0.29639346E+04
  0.26600000E+01  0.65299018E+04 -0.29652689E+04
  0.26650000E+01  0.65389222E+04 -0.29680287E+04
  0.26700000E+01  0.65595145E+04 -0.29689573E+04
  0.26750000E+01  0.65842693E+04 -0.29665736E+04
  0.26800000E+01  0.66132579E+04 -0.29642589E+04
  0.26850000E+01  0.66352225E+04 -0.29558924E+04
  0.26900000E+01  0.66649657E+04 -0.29549086E+04
  0.26950000E+01  0.67077242E+04 -0.29506900E+04
  0.27000000E+01  0.67536497E+04 -0.29410228E+04
  0.27050000E+01  0.68005139E+04 -0.29252933E+04
  0.27100000E+01  0.68305041E+04 -0.29054741E+04
  0.27150000E+01  0.68463379E+04 -0.28845323E+04
  0.27200000E+01  0.68621147E+04 -0.28708704E+04
  0.27250000E+01  0.68883621E+04 -0.28561968E+04
  0.27300000E+01  0.69116341E+04 -0.28362382E+04
  0.27350000E+01  0.69296858E+04 -0.28131103E+04
  0.27400000E+01  0.69310294E+04 -0.27906241E+04
  0.27450000E+01  0.69307573E+04 -0.27680518E+04
  0.27500000E+01  0.69069955E+04 -0.27472125E+04
  0.27550000E+01  0.68829689E+04 -0.27344304E+04
  0.27600000E+01  0.68577346E+04 -0.27263882E+04
  0.27650000E+01  0.68346553E+04 -0.27220638E+04
  0.27700000E+01  0.68127447E+04 -0.27208263E+04
  0.27750000E+01  0.67943090E+04 -0.27229924E+04
  0.27800000E+01  0.67809107E+04 -0.27272822E+04
  0.27850000E+01  0.67732852E+04 -0.27331412E+04
  0.27900000E+01  0.67701146E+04 -0.27393277E+04
  0.27950000E+01  0.67722462E+04 -0.27466465E+04
  0.28000000E+01  0.67832776E+04 -0.27537395E+04
  0.28050000E+01  0.68015651E+04 -0.27590513E+04
  0.28100000E+01  0.68254478E+04 -0.27627001E+04
  0.28150000E+01  0.68521801E+04 -0.27628155E+04
  0.28200000E+01  0.68760209E+04 -0.27609412E+04
  0.28250000E+01  0.69003694E+04 -0.27581601E+04
  0.28300000E+01  0.69263729E+04 -0.27524215E+04
  0.28350000E+01  0.69502850E+04 -0.27429729E+04
  0.28400000E+01  0.69539593E+04 -0.27327999E+04
  0.28450000E+01  0.69578967E+04 -0.27307492E+04
  0.28500000E+01  0.69731081E+04 -0.27309213E+04
  0.28550000E+01  0.69979114E+04 -0.27303274E+04
  0.28600000E+01  0.70289741E+04 -0.27268819E+04
  0.28650000E+01  0.70570657E+04 -0.27203692E+04
  0.28700000E+01  0.70873829E+04 -0.27152023E+04
  0.28750000E+01  0.71144518E+04 -0.27043634E+04
  0.28800000E+01  0.71397753E+04 -0.26961906E+04
  0.28850000E+01  0.71654133E+04 -0.26893750E+04
  0.28900000E+01  0.71993992E+04 -0.26830125E+04
  0.28950000E+01  0.72421871E+04 -0.26732875E+04
  0.29000000E+01  0.72923783E+04 -0.26592525E+04
  0.29050000E+01  0.73342613E+04 -0.26382184E+04
  0.29100000E+01  0.73684476E+04 -0.26171198E+04
  0.29150000E+01  0.74038051E+04 -0.25964413E+04
  0.29200000E+01  0.74489941E+04 -0.25735498E+04
  0.29250000E+01  0.74909058E+04 -0.25411061E+04
  0.29300000E+01  0.75186109E+04 -0.25047367E+04
  0.29350000E+01  0.75347518E+04 -0.24680895E+04
  0.29400000E+01  0.75363351E+04 -0.24316694E+04
  0.29450000E+01  0.75236519E+04 -0.24006321E+04
  0.29500000E+01  0.75110361E+04 -0.23748165E+04
  0.29550000E+01  0.75046591E+04 -0.23535150E+04
  0.29600000E+01  0.75124938E+04 -0.23308925E+04
  0.29650000E+01  0.75192598E+04 -0.23023859E+04
  0.29700000E+01  0.75055667E+04 -0.22652544E+04
  0.29750000E+01  0.74539841E+04 -0.22397605E+04
  0.29800000E+01  0.74170031E+04 -0.22289965E+04
  0.29850000E+01  0.73908026E+04 -0.22214476E+04
  0.29900000E+01  0.73752192E+04 -0.22161416E+04
  0.29950000E+01  0.73645110E+04 -0.22122252E+04
  0.30000000E+01  0.73595960E+04 -0.22085598E+04
  0.30050000E+01  0.73574910E+04 -0.22038144E+04
  0.30100000E+01  0.73527227E+04 -0.21981631E+04
  0.30150000E+01  0.73452432E+04 -0.21949635E+04
  0.30200000E+01  0.73418819E+04 -0.21942738E+04
  0.30250000E+01  0.73456567E+04 -0.21931445E+04
  0.30300000E+01  0.73517876E+04 -0.21889929E+04
  0.30350000E+01  0.73534996E+04 -0.21796267E+04
  0.30400000E+01  0.73352956E+04 -0.21725135E+04
  0.30450000E+01  0.73150442E+04 -0.21718335E+04
  0.30500000E+01  0.72961995E+04 -0.21753765E+04
  0.30550000E+01  0.72813327E+04 -0.21846206E+04
  0.30600000E+01  0.72813950E+04 -0.21964603E+04
  0.30650000E+01  0.72876477E+04 -0.22069769E+04
  0.30700000E+01  0.73071418E+04 -0.22184602E+04
  0.30750000E+01  0.73383538E+04 -0.22258486E+04
  0.30800000E+01  0.73781560E+04 -0.22270484E+04
  0.30850000E+01  0.74151606E+04 -0.22241491E+04
  0.30900000E+01  0.74477268E+04 -0.22193967E+04
  0.30950000E+01  0.74766234E+04 -0.22109352E+04
  0.31000000E+01  0.74963800E+04 -0.21999091E+04
  0.31050000E+01  0.75006704E+04 -0.21888837E+04
  0.31100000E+01  0.75009337E+04 -0.21848074E+04
  0.31150000E+01  0.75063525E+04 -0.21833796E+04
  0.31200000E+01  0.75213464E+04 -0.21802317E+04
  0.31250000E+01  0.75212521E+04 -0.21773927E+04
  0.31300000E+01  0.75285496E+04 -0.21805068E+04
  0.31350000E+01  0.75386027E+04 -0.21845307E+04
  0.31400000E+01  0.75529787E+04 -0.21928291E+04
  0.31450000E+01  0.75847419E+04 -0.21994536E+04
  0.31500000E+01  0.76180081E+04 -0.22073008E+04
  0.31550000E+01  0.76652089E+04 -0.22147045E+04
  0.31600000E+01  0.77215644E+04 -0.22185318E+04
  0.31650000E+01  0.77887462E+04 -0.22191317E+04
  0.31700000E+01  0.78614877E+04 -0.22116792E+04
  0.31750000E+01  0.79232230E+04 -0.21973617E+04
  0.31800000E+01  0.79879401E+04 -0.21838015E+04
  0.31850000E+01  0.80427109E+04 -0.21628351E+04
  0.31900000E+01  0.80798197E+04 -0.21435403E+04
  0.31950000E+01  0.81231255E+04 -0.21341368E+04
  0.32000000E+01  0.81913775E+04 -0.21180659E+04
  0.32050000E+01  0.82463516E+04 -0.20985069E+04
  0.32100000E+01  0.83069671E+04 -0.20818973E+04
  0.32150000E+01  0.83791939E+04 -0.20639920E+04
  0.32200000E+01  0.84585844E+04 -0.20404092E+04
  0.32250000E+01  0.85363853E+04 -0.20095994E+04
  0.32300000E+01  0.86084081E+04 -0.19753194E+04
  0.32350000E+01  0.86799545E+04 -0.19312003E+04
  0.32400000E+01  0.87183695E+04 -0.18837745E+04
  0.32450000E+01  0.87515184E+04 -0.18424775E+04
  0.32500000E+01  0.87956460E+04 -0.17978673E+04
  0.32550000E+01  0.87982086E+04 -0.17502478E+04
  0.32600000E+01  0.88112832E+04 -0.17177357E+04
  0.32650000E+01  0.88361118E+04 -0.16887775E+04
  0.32700000E+01  0.88815861E+04 -0.16548570E+04
  0.32750000E+01  0.89074901E+04 -0.16145098E+04
  0.32800000E+01  0.89353319E+04 -0.15814816E+04
  0.32850000E+01  0.89719801E+04 -0.15454482E+04
  0.32900000E+01  0.90117574E+04 -0.15040595E+04
  0.32950000E+01  0.90337379E+04 -0.14568879E+04
  0.33000000E+01  0.90378875E+04 -0.14112248E+04
  0.33050000E+01  0.90421793E+04 -0.13782086E+04
  0.33100000E+01  0.90562920E+04 -0.13478339E+04
  0.33150000E+01  0.90838054E+04 -0.13171126E+04
  0.33200000E+01  0.91311092E+04 -0.12815463E+04
  0.33250000E+01  0.91846930E+04 -0.12322230E+04
  0.33300000E+01  0.92218208E+04 -0.11694748E+04
  0.33350000E+01  0.91899520E+04 -0.11018153E+04
  0.33400000E+01  0.91486979E+04 -0.10592540E+04
  0.33450000E+01  0.91124416E+04 -0.10223317E+04
  0.33500000E+01  0.90809021E+04 -0.99464758E+03
  0.33550000E+01  0.90653399E+04 -0.97428621E+03
  0.33600000E+01  0.90718816E+04 -0.95688597E+03
  0.33650000E+01  0.91055550E+04 -0.93625894E+03
  0.33700000E+01  0.91578666E+04 -0.90186093E+03
  0.33750000E+01  0.91943803E+04 -0.85837415E+03
  0.33800000E+01  0.92292406E+04 -0.81300989E+03
  0.33850000E+01  0.92639473E+04 -0.75384013E+03
  0.33900000E+01  0.92476848E+04 -0.69810768E+03
  0.33950000E+01  0.92478955E+04 -0.65200887E+03
  0.34000000E+01  0.92472628E+04 -0.60484426E+03
  0.34050000E+01  0.92393144E+04 -0.56001748E+03
  0.34100000E+01  0.92361367E+04 -0.51874377E+03
  0.34150000E+01  0.92361190E+04 -0.47448242E+03
  0.34200000E+01  0.92319891E+04 -0.42742449E+03
  0.34250000E+01  0.92095906E+04 -0.36908876E+03
  0.34300000E+01  0.91586305E+04 -0.32521982E+03
  0.34350000E+01  0.91057632E+04 -0.28864022E+03
  0.34400000E+01  0.90501279E+04 -0.25571549E+03
  0.34450000E+01  0.89886385E+04 -0.22949956E+03
  0.34500000E+01  0.89361326E+04 -0.20807258E+03
  0.34550000E+01  0.88811891E+04 -0.18967449E+03
  0.34600000E+01  0.88310654E+04 -0.17720146E+03
  0.34650000E+01  0.87865924E+04 -0.16753272E+03
  0.34700000E+01  0.87531387E+04 -0.16283848E+03
  0.34750000E+01  0.87262594E+04 -0.15531723E+03
  0.34800000E+01  0.86923251E+04 -0.15120064E+03
  0.34850000E+01  0.86686708E+04 -0.15284359E+03
  0.34900000E+01  0.86572565E+04 -0.15715642E+03
  0.34950000E+01  0.86617012E+04 -0.16193359E+03
  0.35000000E+01  0.86802364E+04 -0.16419923E+03
