  0.15000000E+01  0.22929939E+00  0.12422710E+01
  0.15050000E+01  0.30173988E+00  0.10123656E+01
  0.15100000E+01  0.43596941E+00  0.10497807E+01
  0.15150000E+01  0.51886943E+00  0.15998261E+01
  0.15200000E+01  0.46311909E+00  0.22115530E+01
  0.15250000E+01  0.49041365E+00  0.26594311E+01
  0.15300000E+01 -0.29739500E+00  0.33642349E+01
  0.15350000E+01 -0.54725825E+00  0.30790422E+01
  0.15400000E+01 -0.78873854E+00  0.28378759E+01
  0.15450000E+01 -0.99421717E+00  0.25285418E+01
  0.15500000E+01 -0.11736332E+01  0.20580905E+01
  0.15550000E+01 -0.12501162E+01  0.14780534E+01
  0.15600000E+01 -0.13022121E+01  0.11564237E+01
  0.15650000E+01 -0.11629843E+01  0.83795856E+00
  0.15700000E+01 -0.11820090E+01  0.74382004E+00
  0.15750000E+01 -0.12376678E+01  0.69856868E+00
  0.15800000E+01 -0.13077204E+01  0.41441177E+00
  0.15850000E+01 -0.12273480E+01  0.26719361E+00
  0.15900000E+01 -0.13229952E+01  0.40759004E+00
  0.15950000E+01 -0.15582844E+01  0.14016518E+00
  0.16000000E+01 -0.18214302E+01 -0.59249901E+00
  0.16050000E+01 -0.17048355E+01 -0.20957840E+01
  0.16100000E+01 -0.10971787E+01 -0.25342156E+01
  0.16150000E+01 -0.93088473E+00 -0.24177909E+01
  0.16200000E+01 -0.69768346E+00 -0.28153170E+01
  0.16250000E+01 -0.39002806E+00 -0.26215825E+01
  0.16300000E+01 -0.22882820E+00 -0.24838505E+01
  0.16350000E+01 -0.10599439E+00 -0.24552005E+01
  0.16400000E+01  0.81121454E-01 -0.23587292E+01
  0.16450000E+01  0.32351721E+00 -0.17444531E+01
  0.16500000E+01  0.29827254E+00 -0.14772985E+01
  0.16550000E+01  0.67137632E+00 -0.12121089E+01
  0.16600000E+01  0.41739808E+00 -0.50364401E+00
  0.16650000E+01  0.45451368E+00 -0.65570575E+00
  0.16700000E+01  0.50071930E+00 -0.88319013E+00
  0.16750000E+01  0.61351252E+00 -0.94025592E+00
  0.16800000E+01  0.71860491E+00 -0.63369519E+00
  0.16850000E+01  0.69969032E+00 -0.30178661E+00
  0.16900000E+01  0.65616939E+00 -0.26987670E+00
  0.16950000E+01  0.86043224E+00 -0.52703825E+00
  0.17000000E+01  0.98284851E+00  0.11663148E+00
  0.17050000E+01  0.10065068E+01  0.34743960E+00
  0.17100000E+01  0.11294862E+01  0.52877388E+00
  0.17150000E+01  0.12703837E+01  0.20299459E+01
  0.17200000E+01 -0.10170300E+00  0.25056114E+01
  0.17250000E+01  0.72904913E-02  0.61519724E+00
  0.17300000E+01  0.80408855E-01  0.51614589E+00
  0.17350000E+01  0.10111591E+00  0.34230194E+00
  0.17400000E+01  0.15292951E+00  0.31686643E+00
  0.17450000E+01  0.19882730E+00  0.30725054E+00
  0.17500000E+01  0.17739253E+00  0.39081870E+00
  0.17550000E+01  0.18232602E+00  0.34429981E+00
  0.17600000E+01  0.19038792E+00  0.47744234E+00
  0.17650000E+01  0.18390195E+00  0.51904076E+00
  0.17700000E+01  0.19450677E+00  0.61306898E+00
  0.17750000E+01  0.18767417E+00  0.87002148E+00
  0.17800000E+01  0.73626819E-01  0.11316319E+01
  0.17850000E+01 -0.89141068E-01  0.12521603E+01
  0.17900000E+01 -0.24786109E+00  0.11902232E+01
  0.17950000E+01 -0.39720696E+00  0.10752830E+01
  0.18000000E+01 -0.51506472E+00  0.79085625E+00
  0.18050000E+01 -0.58411598E+00  0.48801489E+00
  0.18100000E+01 -0.57951394E+00 -0.86631948E-01
  0.18150000E+01 -0.41197047E+00 -0.13165438E+00
  0.18200000E+01 -0.41963727E+00 -0.22505910E+00
  0.18250000E+01 -0.41577174E+00 -0.48408397E+00
  0.18300000E+01 -0.29741827E+00 -0.60894872E+00
  0.18350000E+01 -0.18053186E+00 -0.51116254E+00
  0.18400000E+01 -0.98497741E-01 -0.39442079E+00
  0.18450000E+01 -0.18809267E+00 -0.21887938E+00
  0.18500000E+01 -0.10706160E+00 -0.31258892E+00
  0.18550000E+01 -0.32218898E-01 -0.23130393E+00
  0.18600000E+01 -0.15565171E-01 -0.19568567E+00
  0.18650000E+01  0.57576871E-02 -0.14515035E+00
  0.18700000E+01  0.18177007E-01 -0.53134566E-01
  0.18750000E+01 -0.18617544E-01 -0.19620682E-02
  0.18800000E+01 -0.42708251E-01 -0.90306990E-01
  0.18850000E+01 -0.19178288E-01 -0.15238325E+00
  0.18900000E+01  0.17434474E-02 -0.16475053E+00
  0.18950000E+01  0.54678703E-01 -0.16270198E+00
  0.19000000E+01  0.58745919E-01 -0.68350335E-01
  0.19050000E+01  0.51177826E-01 -0.88151810E-01
  0.19100000E+01  0.51506696E-01 -0.99875238E-01
  0.19150000E+01  0.10553651E+00 -0.99352249E-01
  0.19200000E+01  0.12082060E+00 -0.68800416E-01
  0.19250000E+01  0.15212377E+00  0.45434522E-01
  0.19300000E+01  0.12500957E+00  0.19226013E+00
  0.19350000E+01  0.18223151E+00  0.65698229E-01
  0.19400000E+01  0.97254961E-01  0.41624612E+00
  0.19450000E+01  0.72876282E-01  0.26963669E+00
  0.19500000E+01 -0.41128864E-01  0.41932184E+00
  0.19550000E+01 -0.74196479E-01  0.20735234E+00
  0.19600000E+01 -0.10705157E+00  0.19617231E+00
  0.19650000E+01  0.19982357E-01  0.69708814E-01
  0.19700000E+01 -0.59693027E-01  0.20643742E+00
  0.19750000E+01 -0.87558540E-01  0.49841230E-01
  0.19800000E+01 -0.68886525E-01 -0.21690666E-01
  0.19850000E+01 -0.62183868E-01 -0.36152112E-01
  0.19900000E+01 -0.11076060E-01 -0.66423269E-01
  0.19950000E+01  0.28755599E-01  0.23995284E-01
  0.20000000E+01 -0.50837868E-02  0.14383239E+00
  0.20050000E+01  0.33198040E-01  0.10824299E+00
  0.20100000E+01  0.24235454E-01  0.17660237E+00
  0.20150000E+01  0.23330201E-01  0.19426731E+00
  0.20200000E+01  0.24267677E-01  0.27853513E+00
  0.20250000E+01 -0.99429958E-02  0.34890942E+00
  0.20300000E+01 -0.53055470E-01  0.39857585E+00
  0.20350000E+01 -0.92730384E-01  0.42480217E+00
  0.20400000E+01 -0.12882770E+00  0.42849327E+00
  0.20450000E+01 -0.15574535E+00  0.39286293E+00
  0.20500000E+01 -0.16105093E+00  0.43228782E+00
  0.20550000E+01 -0.18733556E+00  0.46977050E+00
  0.20600000E+01 -0.22691132E+00  0.38060286E+00
  0.20650000E+01 -0.23853034E+00  0.27768342E+00
  0.20700000E+01 -0.15982030E+00  0.26194004E+00
  0.20750000E+01 -0.15329216E+00  0.43994284E+00
  0.20800000E+01 -0.28954082E+00  0.50740773E-01
  0.20850000E+01 -0.20163571E+00 -0.16931005E-02
  0.20900000E+01 -0.14517634E+00  0.17785762E+00
  0.20950000E+01 -0.88182832E-01  0.45912487E+00
  0.21000000E+01 -0.22114215E+00  0.68048425E+00
  0.21050000E+01 -0.32200736E+00  0.66305232E+00
  0.21100000E+01 -0.41188514E+00  0.60510885E+00
  0.21150000E+01 -0.51412972E+00  0.43764076E+00
  0.21200000E+01 -0.52111722E+00  0.14523481E+00
  0.21250000E+01 -0.48626610E+00 -0.17831974E+00
  0.21300000E+01 -0.26527010E+00 -0.39343062E+00
  0.21350000E+01 -0.22990326E+00 -0.29452113E+00
  0.21400000E+01 -0.16797751E+00 -0.19011881E+00
  0.21450000E+01 -0.12225108E+00  0.57104909E-01
  0.21500000E+01 -0.22207693E+00  0.19968132E+00
  0.21550000E+01 -0.27066948E+00  0.15970057E+00
  0.21600000E+01 -0.31429098E+00  0.10925616E+00
  0.21650000E+01 -0.37422193E+00  0.27748739E-02
  0.21700000E+01 -0.36720552E+00 -0.18296308E+00
  0.21750000E+01 -0.33324380E+00 -0.25097987E+00
  0.21800000E+01 -0.30316912E+00 -0.24227367E+00
  0.21850000E+01 -0.30527139E+00 -0.23852088E+00
  0.21900000E+01 -0.34098648E+00 -0.20973806E+00
  0.21950000E+01 -0.42243963E+00 -0.53122404E+00
  0.22000000E+01 -0.37286857E+00 -0.10037801E+01
  0.22050000E+01 -0.34356992E+00 -0.17625585E+01
  0.22100000E+01  0.34149903E+00 -0.17118656E+01
  0.22150000E+01  0.59500912E+00 -0.62893080E+00
  0.22200000E+01  0.46588341E+00 -0.68316781E+00
  0.22250000E+01  0.46670131E+00  0.20414377E+00
  0.22300000E+01  0.42429068E+00  0.53680452E+00
  0.22350000E+01  0.39064672E+00  0.80203265E+00
  0.22400000E+01  0.22594601E+00  0.11254895E+01
  0.22450000E+01 -0.30548909E-01  0.12220479E+01
  0.22500000E+01 -0.35925331E+00  0.67089586E+00
  0.22550000E+01 -0.32724243E+00  0.59715037E-01
  0.22600000E+01  0.46551292E-01 -0.32328490E+00
  0.22650000E+01  0.13806257E+00  0.24096185E+00
  0.22700000E+01  0.10692371E+00  0.77368716E+00
  0.22750000E+01 -0.21619491E+00  0.14000799E+01
  0.22800000E+01 -0.61160305E+00  0.11409175E+01
  0.22850000E+01 -0.72468302E+00  0.84882856E+00
  0.22900000E+01 -0.90834314E+00  0.75213873E-01
  0.22950000E+01 -0.79081875E+00 -0.35825698E+00
  0.23000000E+01 -0.62846889E+00 -0.36193160E+00
  0.23050000E+01 -0.68880771E+00 -0.12578128E+00
  0.23100000E+01 -0.56103867E+00 -0.40884963E-01
  0.23150000E+01 -0.11729183E+01 -0.31968358E+00
  0.23200000E+01 -0.86671462E+00 -0.12449468E+01
  0.23250000E+01 -0.62972477E+00 -0.15417396E+01
  0.23300000E+01 -0.58734223E+00 -0.16162926E+01
  0.23350000E+01 -0.43257279E+00 -0.18588268E+01
  0.23400000E+01 -0.19017663E+00 -0.21486612E+01
  0.23450000E+01  0.11354854E+00 -0.19951558E+01
  0.23500000E+01  0.28866291E+00 -0.14164519E+01
  0.23550000E+01  0.28769210E+00 -0.98812384E+00
  0.23600000E+01  0.19172544E+00 -0.62488803E+00
  0.23650000E+01  0.21563408E+00 -0.68680867E+00
  0.23700000E+01  0.29934471E+00 -0.38613127E+00
  0.23750000E+01  0.27730291E+00  0.38036261E-01
  0.23800000E+01  0.17123348E+00  0.18544463E+00
  0.23850000E+01  0.53183979E-01  0.35496475E+00
  0.23900000E+01 -0.21319193E+00 -0.81744227E-01
  0.23950000E+01 -0.22630717E+00 -0.15558313E+00
  0.24000000E+01 -0.46237920E-01 -0.35955895E+00
  0.24050000E+01 -0.20513310E+00 -0.26701742E-01
  0.24100000E+01 -0.36874634E+00 -0.28857335E+00
  0.24150000E+01 -0.46655562E+00 -0.63740482E+00
  0.24200000E+01 -0.46172764E+00 -0.10242538E+01
  0.24250000E+01 -0.45687269E+00 -0.13681057E+01
  0.24300000E+01 -0.44838965E+00 -0.17389773E+01
  0.24350000E+01 -0.34788252E+00 -0.22166345E+01
  0.24400000E+01 -0.16584811E+00 -0.27113246E+01
  0.24450000E+01  0.51952644E+00 -0.28778481E+01
  0.24500000E+01  0.67715534E+00 -0.22608432E+01
  0.24550000E+01  0.73966623E+00 -0.17968402E+01
  0.24600000E+01  0.92881560E+00 -0.15436177E+01
  0.24650000E+01  0.88293827E+00 -0.12686930E+01
  0.24700000E+01  0.99700488E+00 -0.98825718E+00
  0.24750000E+01  0.10273677E+01 -0.91425489E+00
  0.24800000E+01  0.99492859E+00 -0.34511567E+00
  0.24850000E+01  0.98394213E+00 -0.24563208E+00
  0.24900000E+01  0.98031819E+00  0.15066367E+00
  0.24950000E+01  0.10686551E+01  0.49960040E+00
  0.25000000E+01  0.90397959E+00  0.14416446E+01
  0.25050000E+01  0.53674109E+00  0.15050302E+01
  0.25100000E+01  0.45480324E+00  0.13856371E+01
  0.25150000E+01  0.13553197E+00  0.81972137E+00
  0.25200000E+01  0.15892394E+00  0.66889158E+00
  0.25250000E+01 -0.10670151E-01  0.31804883E+00
  0.25300000E+01  0.22517661E+00 -0.11559456E+00
  0.25350000E+01  0.33399370E+00 -0.15891232E-01
  0.25400000E+01  0.41285056E+00  0.98726753E-01
  0.25450000E+01  0.38047167E+00  0.20871157E+00
  0.25500000E+01  0.21139110E+00  0.74309682E+00
  0.25550000E+01  0.19444817E+00 -0.47853040E+00
  0.25600000E+01  0.55336090E+00 -0.27244266E+00
  0.25650000E+01  0.74830214E+00  0.44595531E+00
  0.25700000E+01  0.61652709E+00  0.11494488E+01
  0.25750000E+01  0.37641077E+00  0.13938559E+01
  0.25800000E+01  0.18194074E-01  0.11006679E+01
  0.25850000E+01  0.24375290E-01  0.69502359E+00
  0.25900000E+01  0.42260614E-01  0.56920433E+00
  0.25950000E+01  0.95426203E-01  0.36872987E+00
  0.26000000E+01  0.16398011E+00  0.55941629E+00
  0.26050000E+01  0.21810166E+00  0.50984246E+00
  0.26100000E+01  0.23693890E+00  0.98795680E+00
  0.26150000E+01  0.12692706E+00  0.10660371E+01
  0.26200000E+01  0.47022517E-01  0.11992942E+01
  0.26250000E+01 -0.42466256E-01  0.13414882E+01
  0.26300000E+01 -0.16792282E+00  0.14433954E+01
  0.26350000E+01 -0.26206123E+00  0.14988635E+01
  0.26400000E+01 -0.43083039E+00  0.18253015E+01
  0.26450000E+01 -0.67108115E+00  0.13724633E+01
  0.26500000E+01 -0.86819130E+00  0.12211418E+01
  0.26550000E+01 -0.92899062E+00  0.45743982E+00
  0.26600000E+01 -0.96393425E+00  0.14427454E-01
  0.26650000E+01 -0.90808204E+00 -0.63443232E+00
  0.26700000E+01 -0.71636296E+00 -0.95652588E+00
  0.26750000E+01 -0.47561780E+00 -0.11281784E+01
  0.26800000E+01 -0.31311731E+00 -0.72422208E+00
  0.26850000E+01 -0.44221605E+00 -0.62366701E+00
  0.26900000E+01 -0.42733947E+00 -0.86945384E+00
  0.26950000E+01 -0.31686425E+00 -0.12181164E+01
  0.27000000E+01 -0.90295236E-01 -0.12422877E+01
  0.27050000E+01  0.80468918E-01 -0.10099504E+01
  0.27100000E+01  0.10789472E+00 -0.71821260E+00
  0.27150000E+01 -0.53003805E-02 -0.51631660E+00
  0.27200000E+01 -0.62508287E-01 -0.10743335E+01
  0.27250000E+01  0.17089665E+00 -0.11335005E+01
  0.27300000E+01  0.38781181E+00 -0.74692963E+00
  0.27350000E+01  0.41795292E+00 -0.18645667E+00
  0.27400000E+01  0.23068081E+00  0.24720898E+00
  0.27450000E+01  0.15593652E+00  0.18123625E+00
  0.27500000E+01  0.42324439E-01  0.27531815E+00
  0.27550000E+01 -0.17514737E-01  0.14626726E+00
  0.27600000E+01 -0.10651515E+00 -0.16112963E+00
  0.27650000E+01 -0.10477004E+00 -0.62268637E+00
  0.27700000E+01  0.41905175E-01 -0.99576800E+00
  0.27750000E+01  0.21614250E+00 -0.10515449E+01
  0.27800000E+01  0.32907702E+00 -0.10230284E+01
  0.27850000E+01  0.39364626E+00 -0.99708998E+00
  0.27900000E+01  0.44445759E+00 -0.99728437E+00
  0.27950000E+01  0.48713675E+00 -0.10820365E+01
  0.28000000E+01  0.60467853E+00 -0.10718178E+01
  0.28050000E+01  0.69177321E+00 -0.11388415E+01
  0.28100000E+01  0.90771112E+00 -0.11987285E+01
  0.28150000E+01  0.10795227E+01 -0.90039196E+00
  0.28200000E+01  0.12042506E+01 -0.28580312E+00
  0.28250000E+01  0.99112338E+00  0.10684865E+00
  0.28300000E+01  0.89058687E+00 -0.28435881E+00
  0.28350000E+01  0.11567234E+01 -0.45824459E+00
  0.28400000E+01  0.13695933E+01  0.70325892E+00
  0.28450000E+01  0.85103285E+00  0.15954827E+01
  0.28500000E+01  0.65193693E+00  0.15676383E+01
  0.28550000E+01  0.36419493E+00  0.14616869E+01
  0.28600000E+01  0.10712376E+00  0.13902927E+01
  0.28650000E+01 -0.24326990E+00  0.76173963E+00
  0.28700000E+01 -0.23926951E+00 -0.38014562E+00
  0.28750000E+01  0.24688493E+00 -0.13592094E+01
  0.28800000E+01  0.77391585E+00 -0.67026005E+00
  0.28850000E+01  0.64965249E+00  0.94185863E-01
  0.28900000E+01  0.49362728E+00 -0.23818258E+00
  0.28950000E+01  0.53418856E+00 -0.95677254E+00
  0.29000000E+01  0.10410740E+01 -0.93865259E+00
  0.29050000E+01  0.13260305E+01 -0.63513704E-01
  0.29100000E+01  0.12904946E+01  0.13221525E+01
  0.29150000E+01  0.98227407E+00  0.23313434E+01
  0.29200000E+01  0.65953862E+00  0.32976213E+01
  0.29250000E+01  0.93370403E-01  0.34239950E+01
  0.29300000E+01 -0.33844315E+00  0.39512962E+01
  0.29350000E+01 -0.93898396E+00  0.33304669E+01
  0.29400000E+01 -0.13599471E+01  0.14046036E+01
  0.29450000E+01 -0.10527547E+01  0.10776639E-02
  0.29500000E+01 -0.73582517E+00 -0.33158805E+00
  0.29550000E+01 -0.34559608E+00 -0.91135596E+00
  0.29600000E+01 -0.51751925E-01 -0.10916843E+01
  0.29650000E+01  0.42604444E+00 -0.85255293E+00
  0.29700000E+01  0.45206304E+00  0.28056242E+00
  0.29750000E+01  0.48880112E+00  0.96076214E+00
  0.29800000E+01  0.29659067E+00  0.13771430E+01
  0.29850000E+01  0.18276678E+00  0.14404217E+01
  0.29900000E+01 -0.27379955E+00  0.16093861E+01
  0.29950000E+01 -0.31250600E+00  0.67674273E+00
  0.30000000E+01 -0.71923270E-01 -0.12165330E+00
  0.30050000E+01  0.20648391E+00  0.78962776E+00
  0.30100000E+01 -0.10391451E+00  0.72508418E+00
  0.30150000E+01  0.64863505E-01  0.13048221E+00
  0.30200000E+01  0.34287041E+00  0.66901506E+00
  0.30250000E+01  0.25751371E+00  0.11439102E+01
  0.30300000E+01  0.12861513E+00  0.12016226E+01
  0.30350000E+01  0.10610864E+00  0.37861924E+00
  0.30400000E+01  0.33642247E+00  0.96548637E+00
  0.30450000E+01  0.27892046E+00  0.15182681E+01
  0.30500000E+01 -0.25572809E+00  0.15205797E+01
  0.30550000E+01 -0.28749032E+00  0.73916714E+00
  0.30600000E+01 -0.19511372E+00  0.45806895E+00
  0.30650000E+01  0.19847769E+00  0.13905970E+01
  0.30700000E+01 -0.42802994E+00  0.27705865E+01
  0.30750000E+01 -0.12334352E+01  0.41976426E+00
  0.30800000E+01 -0.65944420E+00 -0.65880796E+00
  0.30850000E+01 -0.43316014E+00 -0.87504731E+00
  0.30900000E+01  0.16350579E+00 -0.15265231E+01
  0.30950000E+01  0.45466895E+00 -0.97594821E+00
  0.31000000E+01  0.93199061E+00 -0.11278258E+00
  0.31050000E+01  0.10646922E+01  0.13246691E+01
  0.31100000E+01  0.39218986E+00  0.21389798E+01
  0.31150000E+01  0.45757806E+00  0.18357967E+01
  0.31200000E+01  0.30698369E+00  0.17917860E+01
  0.31250000E+01  0.30560095E+00  0.21626514E+01
  0.31300000E+01 -0.15846571E+00  0.24625209E+01
  0.31350000E+01 -0.25375524E+00  0.27079424E+01
  0.31400000E+01 -0.82877102E+00  0.29681281E+01
  0.31450000E+01 -0.14189335E+01  0.19987136E+01
  0.31500000E+01 -0.13631067E+01  0.64173144E+00
  0.31550000E+01 -0.11676945E+01  0.13253186E-01
  0.31600000E+01 -0.10111677E+01 -0.26372238E+00
  0.31650000E+01 -0.79976410E+00 -0.40064965E+00
  0.31700000E+01 -0.73527828E+00  0.49380988E+00
  0.31750000E+01 -0.92224495E+00 -0.52187572E+00
  0.31800000E+01 -0.36326166E+00 -0.64834511E-01
  0.31850000E+01 -0.69113395E+00  0.85885715E+00
  0.31900000E+01 -0.10334217E+01  0.68122886E+00
  0.31950000E+01 -0.14507196E+01 -0.43205043E-01
  0.32000000E+01 -0.11307287E+01 -0.16620342E+01
  0.32050000E+01 -0.98875625E+00 -0.14290775E+01
  0.32100000E+01 -0.88284594E+00 -0.18625466E+01
  0.32150000E+01 -0.35272003E+00 -0.23979922E+01
  0.32200000E+01 -0.18701399E+00 -0.23466512E+01
  0.32250000E+01  0.46598235E-01 -0.22188726E+01
  0.32300000E+01  0.39554574E+00 -0.20543977E+01
  0.32350000E+01  0.57665715E+00 -0.15325428E+01
  0.32400000E+01  0.91139679E+00 -0.10194828E+01
  0.32450000E+01  0.11948825E+01  0.38723445E+00
  0.32500000E+01  0.88671686E+00  0.14988314E+01
  0.32550000E+01  0.49806116E+00  0.25263858E+01
  0.32600000E+01  0.55771301E-01  0.19609487E+01
  0.32650000E+01 -0.54498985E-01  0.14196719E+01
  0.32700000E+01 -0.19838285E-01  0.14899275E+01
  0.32750000E+01 -0.59469636E-01  0.11635273E+01
  0.32800000E+01 -0.20511397E+00  0.12355696E+01
  0.32850000E+01 -0.33275654E+00  0.44262421E+00
  0.32900000E+01  0.13930694E+00  0.10213840E+00
  0.32950000E+01  0.46027718E+00  0.20484948E+01
  0.33000000E+01 -0.23754942E+00  0.33592626E+01
  0.33050000E+01 -0.10225961E+01  0.22923216E+01
  0.33100000E+01 -0.61944030E+00  0.60635972E+00
  0.33150000E+01 -0.74077231E-01  0.87529434E+00
  0.33200000E+01 -0.46792306E+00  0.13483861E+01
  0.33250000E+01 -0.36979527E+00  0.17677266E+01
  0.33300000E+01 -0.64818375E+00  0.28863747E+01
  0.33350000E+01 -0.15590881E+01  0.24447801E+01
  0.33400000E+01 -0.16097455E+01 -0.11410265E+00
  0.33450000E+01 -0.50143230E+00 -0.52279511E+00
  0.33500000E+01 -0.47835517E+00  0.16893799E+01
  0.33550000E+01 -0.10382299E+01  0.18878920E+01
  0.33600000E+01 -0.11698497E+01  0.19144968E+01
  0.33650000E+01 -0.11445075E+01  0.18353688E+01
  0.33700000E+01 -0.19845881E+01  0.25010049E+01
  0.33750000E+01 -0.23644533E+01 -0.10169816E+00
  0.33800000E+01 -0.18159409E+01 -0.10898891E+01
  0.33850000E+01 -0.14447352E+01 -0.18682376E+01
  0.33900000E+01 -0.11279160E+01 -0.12262551E+01
  0.33950000E+01 -0.91611154E+00 -0.21228930E+01
  0.34000000E+01 -0.43185694E+00 -0.14156245E+01
  0.34050000E+01 -0.24704093E+00 -0.78161862E+00
  0.34100000E+01 -0.53777218E+00 -0.50298612E+00
  0.34150000E+01 -0.57381054E+00 -0.36209551E+00
  0.34200000E+01 -0.67944961E+00 -0.27467778E+00
  0.34250000E+01 -0.95619600E+00 -0.10067017E+00
  0.34300000E+01 -0.47639995E+00 -0.27421056E+00
  0.34350000E+01 -0.77498481E+00  0.48910525E+00
  0.34400000E+01 -0.10619212E+01  0.42793959E+00
  0.34450000E+01 -0.12750794E+01 -0.29144134E+00
  0.34500000E+01 -0.10233359E+01 -0.12784860E+01
  0.34550000E+01 -0.96547790E+00 -0.15776301E+01
  0.34600000E+01 -0.65064208E+00 -0.12726669E+01
  0.34650000E+01 -0.81716005E+00 -0.49886733E+00
  0.34700000E+01 -0.96685383E+00 -0.83832349E+00
  0.34750000E+01 -0.98958214E+00 -0.83403679E+00
  0.34800000E+01 -0.81332997E+00 -0.13018355E+01
  0.34850000E+01 -0.50125944E+00 -0.89462747E+00
  0.34900000E+01 -0.79735760E+00 -0.35200822E+00
  0.34950000E+01 -0.94125480E+00 -0.15174803E+01
  0.35000000E+01 -0.83988891E+00 -0.14864738E+01
