  0.15000000E+01 -0.15138467E+02  0.92907130E+01
  0.15050000E+01 -0.15857470E+02  0.89981086E+01
  0.15100000E+01 -0.16371523E+02  0.87011257E+01
  0.15150000E+01 -0.16795921E+02  0.83174829E+01
  0.15200000E+01 -0.16800106E+02  0.80976388E+01
  0.15250000E+01 -0.16902170E+02  0.78953971E+01
  0.15300000E+01 -0.17071390E+02  0.77837518E+01
  0.15350000E+01 -0.17270749E+02  0.76828049E+01
  0.15400000E+01 -0.17707117E+02  0.76468165E+01
  0.15450000E+01 -0.18183561E+02  0.75766748E+01
  0.15500000E+01 -0.18616199E+02  0.73674288E+01
  0.15550000E+01 -0.18500482E+02  0.71753966E+01
  0.15600000E+01 -0.18652692E+02  0.71804954E+01
  0.15650000E+01 -0.19143181E+02  0.71373498E+01
  0.15700000E+01 -0.19491774E+02  0.68890591E+01
  0.15750000E+01 -0.19609408E+02  0.68168736E+01
  0.15800000E+01 -0.20209277E+02  0.68498468E+01
  0.15850000E+01 -0.21237348E+02  0.67443774E+01
  0.15900000E+01 -0.22186514E+02  0.64788797E+01
  0.15950000E+01 -0.23093807E+02  0.60022796E+01
  0.16000000E+01 -0.23691526E+02  0.56475138E+01
  0.16050000E+01 -0.25208844E+02  0.52830836E+01
  0.16100000E+01 -0.26606279E+02  0.45952059E+01
  0.16150000E+01 -0.28054425E+02  0.32547559E+01
  0.16200000E+01 -0.26571540E+02  0.18605372E+01
  0.16250000E+01 -0.25447501E+02  0.17243768E+01
  0.16300000E+01 -0.24837447E+02  0.16073958E+01
  0.16350000E+01 -0.25149699E+02  0.17412970E+01
  0.16400000E+01 -0.27338716E+02  0.17813925E+01
  0.16450000E+01 -0.31210898E+02 -0.81233765E-01
  0.16500000E+01 -0.29134770E+02 -0.11006725E+01
  0.16550000E+01 -0.29580514E+02 -0.89186255E+00
  0.16600000E+01 -0.33884282E+02 -0.16180784E+01
  0.16650000E+01 -0.35679060E+02 -0.39836738E+01
  0.16700000E+01 -0.35670674E+02 -0.58754608E+01
  0.16750000E+01 -0.35972465E+02 -0.79319646E+01
  0.16800000E+01 -0.35416126E+02 -0.10426535E+02
  0.16850000E+01 -0.32941286E+02 -0.12895860E+02
  0.16900000E+01 -0.28266708E+02 -0.15315152E+02
  0.16950000E+01 -0.23580325E+02 -0.16300498E+02
  0.17000000E+01 -0.19903798E+02 -0.17205685E+02
  0.17050000E+01 -0.15042481E+02 -0.17921242E+02
  0.17100000E+01 -0.11253924E+02 -0.17502876E+02
  0.17150000E+01 -0.91800140E+01 -0.16946457E+02
  0.17200000E+01 -0.74759043E+01 -0.16117967E+02
  0.17250000E+01 -0.67192442E+01 -0.15257449E+02
  0.17300000E+01 -0.68932160E+01 -0.14458675E+02
  0.17350000E+01 -0.76269765E+01 -0.13954654E+02
  0.17400000E+01 -0.80084015E+01 -0.13999000E+02
  0.17450000E+01 -0.81684046E+01 -0.13850576E+02
  0.17500000E+01 -0.81930385E+01 -0.13875643E+02
  0.17550000E+01 -0.79312436E+01 -0.14072235E+02
  0.17600000E+01 -0.66616396E+01 -0.14086971E+02
  0.17650000E+01 -0.55891520E+01 -0.13878844E+02
  0.17700000E+01 -0.49726610E+01 -0.13773359E+02
  0.17750000E+01 -0.43183644E+01 -0.13542486E+02
  0.17800000E+01 -0.41135420E+01 -0.13695900E+02
  0.17850000E+01 -0.26377679E+01 -0.14075601E+02
  0.17900000E+01 -0.29407283E+00 -0.14011044E+02
  0.17950000E+01  0.17368873E+01 -0.13522553E+02
  0.18000000E+01  0.33145925E+01 -0.12801972E+02
  0.18050000E+01  0.41513623E+01 -0.11874269E+02
  0.18100000E+01  0.41897411E+01 -0.11068268E+02
  0.18150000E+01  0.38936106E+01 -0.10489732E+02
  0.18200000E+01  0.34302773E+01 -0.10208658E+02
  0.18250000E+01  0.35754633E+01 -0.10122899E+02
  0.18300000E+01  0.40393234E+01 -0.10043491E+02
  0.18350000E+01  0.50123575E+01 -0.96459769E+01
  0.18400000E+01  0.57390378E+01 -0.89826524E+01
  0.18450000E+01  0.56105988E+01 -0.83994586E+01
  0.18500000E+01  0.57399705E+01 -0.77345778E+01
  0.18550000E+01  0.54297186E+01 -0.70489342E+01
  0.18600000E+01  0.46584339E+01 -0.64501099E+01
  0.18650000E+01  0.38953085E+01 -0.60662859E+01
  0.18700000E+01  0.32270858E+01 -0.57902210E+01
  0.18750000E+01  0.27165793E+01 -0.55857057E+01
  0.18800000E+01  0.25200160E+01 -0.53636575E+01
  0.18850000E+01  0.21363594E+01 -0.50355243E+01
  0.18900000E+01  0.16446860E+01 -0.47300837E+01
  0.18950000E+01  0.91374315E+00 -0.44724117E+01
  0.19000000E+01  0.27909522E+00 -0.44481386E+01
  0.19050000E+01 -0.35290765E-01 -0.43492753E+01
  0.19100000E+01 -0.35279703E+00 -0.40871229E+01
  0.19150000E+01 -0.11108870E+01 -0.39627244E+01
  0.19200000E+01 -0.17330929E+01 -0.39568790E+01
  0.19250000E+01 -0.19485357E+01 -0.39481828E+01
  0.19300000E+01 -0.25409594E+01 -0.37691133E+01
  0.19350000E+01 -0.36299144E+01 -0.39043620E+01
  0.19400000E+01 -0.36182960E+01 -0.42262736E+01
  0.19450000E+01 -0.36876516E+01 -0.43407889E+01
  0.19500000E+01 -0.32125965E+01 -0.44897687E+01
  0.19550000E+01 -0.30657459E+01 -0.44722576E+01
  0.19600000E+01 -0.30766074E+01 -0.44520707E+01
  0.19650000E+01 -0.29361854E+01 -0.45291779E+01
  0.19700000E+01 -0.26940348E+01 -0.45257879E+01
  0.19750000E+01 -0.24044038E+01 -0.45088008E+01
  0.19800000E+01 -0.21093134E+01 -0.44408498E+01
  0.19850000E+01 -0.17383361E+01 -0.42827079E+01
  0.19900000E+01 -0.17534884E+01 -0.41238353E+01
  0.19950000E+01 -0.17377886E+01 -0.39433554E+01
  0.20000000E+01 -0.18838319E+01 -0.38814504E+01
  0.20050000E+01 -0.18497619E+01 -0.38402028E+01
  0.20100000E+01 -0.17821492E+01 -0.37866482E+01
  0.20150000E+01 -0.16239181E+01 -0.37179914E+01
  0.20200000E+01 -0.14089116E+01 -0.36262519E+01
  0.20250000E+01 -0.10507963E+01 -0.34691002E+01
  0.20300000E+01 -0.76182349E+00 -0.31643301E+01
  0.20350000E+01 -0.89984766E+00 -0.26630356E+01
  0.20400000E+01 -0.14180258E+01 -0.23925809E+01
  0.20450000E+01 -0.20376545E+01 -0.20751588E+01
  0.20500000E+01 -0.33494861E+01 -0.19501647E+01
  0.20550000E+01 -0.42820912E+01 -0.21954421E+01
  0.20600000E+01 -0.48553585E+01 -0.25079378E+01
  0.20650000E+01 -0.49515327E+01 -0.27257633E+01
  0.20700000E+01 -0.56445937E+01 -0.28177959E+01
  0.20750000E+01 -0.64181850E+01 -0.32957049E+01
  0.20800000E+01 -0.69733086E+01 -0.46000060E+01
  0.20850000E+01 -0.41449644E+01 -0.49209705E+01
  0.20900000E+01 -0.34756887E+01 -0.45993809E+01
  0.20950000E+01 -0.28049569E+01 -0.43085721E+01
  0.21000000E+01 -0.32871663E+01 -0.39272614E+01
  0.21050000E+01 -0.43466215E+01 -0.38604109E+01
  0.21100000E+01 -0.37304992E+01 -0.45127613E+01
  0.21150000E+01 -0.27080628E+01 -0.44892018E+01
  0.21200000E+01 -0.21512677E+01 -0.40993036E+01
  0.21250000E+01 -0.25370615E+01 -0.38392186E+01
  0.21300000E+01 -0.29300513E+01 -0.39333152E+01
  0.21350000E+01 -0.27626922E+01 -0.40548883E+01
  0.21400000E+01 -0.25144111E+01 -0.40888281E+01
  0.21450000E+01 -0.17824565E+01 -0.42442670E+01
  0.21500000E+01 -0.16460217E+01 -0.41846325E+01
  0.21550000E+01 -0.10971299E+01 -0.41676258E+01
  0.21600000E+01 -0.87975712E+00 -0.40240175E+01
  0.21650000E+01 -0.41823996E+00 -0.40487848E+01
  0.21700000E+01  0.50261627E+00 -0.40699235E+01
  0.21750000E+01  0.21296464E+01 -0.37275808E+01
  0.21800000E+01  0.23049854E+01 -0.27041012E+01
  0.21850000E+01  0.13257148E+01 -0.23292035E+01
  0.21900000E+01  0.45358242E+00 -0.19052805E+01
  0.21950000E+01 -0.54224224E+00 -0.15436274E+01
  0.22000000E+01 -0.16471254E+01 -0.15515908E+01
  0.22050000E+01 -0.20343902E+01 -0.18996501E+01
  0.22100000E+01 -0.19242418E+01 -0.14944227E+01
  0.22150000E+01 -0.33416286E+01 -0.15882202E+01
  0.22200000E+01 -0.38916521E+01 -0.18467835E+01
  0.22250000E+01 -0.43028418E+01 -0.22344839E+01
  0.22300000E+01 -0.44142839E+01 -0.26615008E+01
  0.22350000E+01 -0.36814594E+01 -0.32163695E+01
  0.22400000E+01 -0.41273640E+01 -0.33472150E+01
  0.22450000E+01 -0.31705776E+01 -0.42278965E+01
  0.22500000E+01 -0.43274643E+00 -0.45505880E+01
  0.22550000E+01  0.12258423E+01 -0.33021191E+01
  0.22600000E+01  0.98154421E+00 -0.27026456E+01
  0.22650000E+01 -0.25176309E+00 -0.24520626E+01
  0.22700000E+01 -0.25467972E+00 -0.26527818E+01
  0.22750000E+01 -0.56025547E+00 -0.24182881E+01
  0.22800000E+01 -0.23726587E+00 -0.25267185E+01
  0.22850000E+01 -0.57808512E+00 -0.22938882E+01
  0.22900000E+01 -0.10457979E+01 -0.23451691E+01
  0.22950000E+01 -0.12478768E+01 -0.24222586E+01
  0.23000000E+01 -0.13775074E+01 -0.26903573E+01
  0.23050000E+01 -0.12844056E+01 -0.29062437E+01
  0.23100000E+01 -0.10168992E+01 -0.29471142E+01
  0.23150000E+01 -0.97499878E+00 -0.30051872E+01
  0.23200000E+01 -0.12425619E+01 -0.30252942E+01
  0.23250000E+01 -0.16440867E+01 -0.33444458E+01
  0.23300000E+01 -0.11992807E+01 -0.37391354E+01
  0.23350000E+01 -0.52919735E+00 -0.39675163E+01
  0.23400000E+01  0.47855128E+00 -0.40457499E+01
  0.23450000E+01  0.16447317E+01 -0.42367919E+01
  0.23500000E+01  0.32414728E+01 -0.41870311E+01
  0.23550000E+01  0.48406687E+01 -0.38403100E+01
  0.23600000E+01  0.60390886E+01 -0.32595038E+01
  0.23650000E+01  0.64683498E+01 -0.24485854E+01
  0.23700000E+01  0.63027501E+01 -0.18711385E+01
  0.23750000E+01  0.66525735E+01 -0.15345625E+01
  0.23800000E+01  0.87282032E+01 -0.98588760E+00
  0.23850000E+01  0.84557935E+01  0.86951674E+00
  0.23900000E+01  0.56817473E+01  0.15856239E+01
  0.23950000E+01  0.37337747E+01  0.97214208E+00
  0.24000000E+01  0.41733128E+01  0.58526490E+00
  0.24050000E+01  0.53676136E+01  0.49002360E+00
  0.24100000E+01  0.64877164E+01  0.60337230E+00
  0.24150000E+01  0.76834044E+01  0.93043636E+00
  0.24200000E+01  0.88815303E+01  0.16703909E+01
  0.24250000E+01  0.97569878E+01  0.23622075E+01
  0.24300000E+01  0.10704988E+02  0.32063979E+01
  0.24350000E+01  0.11071065E+02  0.46311475E+01
  0.24400000E+01  0.99398876E+01  0.57580819E+01
  0.24450000E+01  0.90461225E+01  0.62115313E+01
  0.24500000E+01  0.87105678E+01  0.67092056E+01
  0.24550000E+01  0.88243049E+01  0.72551897E+01
  0.24600000E+01  0.87498105E+01  0.78323261E+01
  0.24650000E+01  0.91099206E+01  0.83420629E+01
  0.24700000E+01  0.97952453E+01  0.91121472E+01
  0.24750000E+01  0.98024001E+01  0.10560720E+02
  0.24800000E+01  0.68905576E+01  0.11689061E+02
  0.24850000E+01  0.42709508E+01  0.11975196E+02
  0.24900000E+01  0.24089298E+01  0.11988327E+02
  0.24950000E+01  0.17852049E+01  0.11809968E+02
  0.25000000E+01  0.16311032E+01  0.11716290E+02
  0.25050000E+01  0.23385225E+01  0.12083385E+02
  0.25100000E+01  0.15008333E+01  0.12946731E+02
  0.25150000E+01 -0.62877218E+00  0.13661314E+02
  0.25200000E+01 -0.16412983E+01  0.12792615E+02
  0.25250000E+01 -0.11922027E+01  0.12487120E+02
  0.25300000E+01  0.27664103E+00  0.13327359E+02
  0.25350000E+01 -0.15516469E+01  0.15071430E+02
  0.25400000E+01 -0.58176200E+01  0.15794932E+02
  0.25450000E+01 -0.10149159E+02  0.15220695E+02
  0.25500000E+01 -0.13222410E+02  0.13776586E+02
  0.25550000E+01 -0.14251296E+02  0.12300205E+02
  0.25600000E+01 -0.14138642E+02  0.10998947E+02
  0.25650000E+01 -0.13415001E+02  0.10269391E+02
  0.25700000E+01 -0.12789062E+02  0.95385237E+01
  0.25750000E+01 -0.13138540E+02  0.90200659E+01
  0.25800000E+01 -0.12444600E+02  0.81897439E+01
  0.25850000E+01 -0.10592039E+02  0.78694414E+01
  0.25900000E+01 -0.97011382E+01  0.78387345E+01
  0.25950000E+01 -0.82218013E+01  0.79077008E+01
  0.26000000E+01 -0.70146552E+01  0.85186481E+01
  0.26050000E+01 -0.70581230E+01  0.92434982E+01
  0.26100000E+01 -0.76886865E+01  0.97364416E+01
  0.26150000E+01 -0.82792624E+01  0.99006018E+01
  0.26200000E+01 -0.84573706E+01  0.10091960E+02
  0.26250000E+01 -0.90497484E+01  0.10787721E+02
  0.26300000E+01 -0.11959598E+02  0.10811507E+02
  0.26350000E+01 -0.13555021E+02  0.99073423E+01
  0.26400000E+01 -0.13350557E+02  0.93842413E+01
  0.26450000E+01 -0.13390092E+02  0.98016270E+01
  0.26500000E+01 -0.14593692E+02  0.95028716E+01
  0.26550000E+01 -0.15657664E+02  0.93303484E+01
  0.26600000E+01 -0.16773014E+02  0.90005047E+01
  0.26650000E+01 -0.17450608E+02  0.84522759E+01
  0.26700000E+01 -0.17823380E+02  0.81315134E+01
  0.26750000E+01 -0.18223533E+02  0.76686458E+01
  0.26800000E+01 -0.18253922E+02  0.71761439E+01
  0.26850000E+01 -0.17724631E+02  0.66320339E+01
  0.26900000E+01 -0.16909307E+02  0.64509176E+01
  0.26950000E+01 -0.16218360E+02  0.64983839E+01
  0.27000000E+01 -0.16170962E+02  0.66484704E+01
  0.27050000E+01 -0.16164668E+02  0.66231357E+01
  0.27100000E+01 -0.15750328E+02  0.67773234E+01
  0.27150000E+01 -0.15928995E+02  0.70992521E+01
  0.27200000E+01 -0.16402524E+02  0.74170797E+01
  0.27250000E+01 -0.17369696E+02  0.77945839E+01
  0.27300000E+01 -0.18828778E+02  0.82847668E+01
  0.27350000E+01 -0.21488415E+02  0.83968697E+01
  0.27400000E+01 -0.23872641E+02  0.79797170E+01
  0.27450000E+01 -0.25895368E+02  0.73872157E+01
  0.27500000E+01 -0.27271256E+02  0.66865399E+01
  0.27550000E+01 -0.28515875E+02  0.57665114E+01
  0.27600000E+01 -0.29467059E+02  0.49624519E+01
  0.27650000E+01 -0.30626794E+02  0.39430190E+01
  0.27700000E+01 -0.30045465E+02  0.30148448E+01
  0.27750000E+01 -0.30951518E+02  0.25604443E+01
  0.27800000E+01 -0.32142855E+02  0.16335431E+01
  0.27850000E+01 -0.31428111E+02  0.19410865E+00
  0.27900000E+01 -0.29528123E+02 -0.19622726E+00
  0.27950000E+01 -0.29929874E+02  0.60775118E+00
  0.28000000E+01 -0.33512941E+02  0.19723515E+00
  0.28050000E+01 -0.34565303E+02 -0.18209100E+01
  0.28100000E+01 -0.35163779E+02 -0.28029837E+01
  0.28150000E+01 -0.36974317E+02 -0.42364275E+01
  0.28200000E+01 -0.36062204E+02 -0.62287263E+01
  0.28250000E+01 -0.34559670E+02 -0.77860701E+01
  0.28300000E+01 -0.33659590E+02 -0.91734082E+01
  0.28350000E+01 -0.31654637E+02 -0.10585938E+02
  0.28400000E+01 -0.28994487E+02 -0.11591934E+02
  0.28450000E+01 -0.26341267E+02 -0.11646889E+02
  0.28500000E+01 -0.25933434E+02 -0.11888854E+02
  0.28550000E+01 -0.26406826E+02 -0.13045202E+02
  0.28600000E+01 -0.22634313E+02 -0.15014648E+02
  0.28650000E+01 -0.17478574E+02 -0.15304350E+02
  0.28700000E+01 -0.12778190E+02 -0.14423832E+02
  0.28750000E+01 -0.91210869E+01 -0.12572040E+02
  0.28800000E+01 -0.93194499E+01 -0.10725580E+02
  0.28850000E+01 -0.10332576E+02 -0.97041274E+01
  0.28900000E+01 -0.10977804E+02 -0.91401745E+01
  0.28950000E+01 -0.11283297E+02 -0.85634399E+01
  0.29000000E+01 -0.11904786E+02 -0.79134712E+01
  0.29050000E+01 -0.12758586E+02 -0.72604749E+01
  0.29100000E+01 -0.14962849E+02 -0.64164375E+01
  0.29150000E+01 -0.18264010E+02 -0.66906186E+01
  0.29200000E+01 -0.20595691E+02 -0.81726811E+01
  0.29250000E+01 -0.19282092E+02 -0.91759935E+01
  0.29300000E+01 -0.17767897E+02 -0.97903343E+01
  0.29350000E+01 -0.16221167E+02 -0.10368206E+02
  0.29400000E+01 -0.13834634E+02 -0.10486387E+02
  0.29450000E+01 -0.11962974E+02 -0.10047308E+02
  0.29500000E+01 -0.10620849E+02 -0.96600018E+01
  0.29550000E+01 -0.82749417E+01 -0.90192917E+01
  0.29600000E+01 -0.69074752E+01 -0.67325405E+01
  0.29650000E+01 -0.12025470E+02 -0.57442615E+01
  0.29700000E+01 -0.16712556E+02 -0.65602839E+01
  0.29750000E+01 -0.14714209E+02 -0.78452904E+01
  0.29800000E+01 -0.12837898E+02 -0.75430536E+01
  0.29850000E+01 -0.13236507E+02 -0.69491608E+01
  0.29900000E+01 -0.13908857E+02 -0.71041850E+01
  0.29950000E+01 -0.14886291E+02 -0.69989115E+01
  0.30000000E+01 -0.15215835E+02 -0.74212800E+01
  0.30050000E+01 -0.16402420E+02 -0.76236427E+01
  0.30100000E+01 -0.16880199E+02 -0.94148523E+01
  0.30150000E+01 -0.14047925E+02 -0.10659140E+02
  0.30200000E+01 -0.11240629E+02 -0.10723077E+02
  0.30250000E+01 -0.85654213E+01 -0.10632919E+02
  0.30300000E+01 -0.55764856E+01 -0.10471482E+02
  0.30350000E+01 -0.32763337E+01 -0.95578101E+01
  0.30400000E+01 -0.22856827E+01 -0.83338944E+01
  0.30450000E+01 -0.31173769E+01 -0.72893634E+01
  0.30500000E+01 -0.42217452E+01 -0.74060901E+01
  0.30550000E+01 -0.30549214E+01 -0.72471481E+01
  0.30600000E+01 -0.18154372E+01 -0.69019628E+01
  0.30650000E+01 -0.29634309E+00 -0.62780485E+01
  0.30700000E+01 -0.55045970E+00 -0.51699439E+01
  0.30750000E+01  0.24396211E+00 -0.47921654E+01
  0.30800000E+01  0.64135843E+00 -0.38075182E+01
  0.30850000E+01  0.58202464E+00 -0.25871168E+01
  0.30900000E+01  0.52920970E+00 -0.17574576E+01
  0.30950000E+01  0.46357644E+00 -0.61556016E+00
  0.31000000E+01  0.21985145E+00  0.11741935E+01
  0.31050000E+01 -0.43470933E+01  0.28113056E+01
  0.31100000E+01 -0.77215861E+01  0.24513877E+01
  0.31150000E+01 -0.10324816E+02  0.22497878E+01
  0.31200000E+01 -0.12923971E+02  0.20170274E+01
  0.31250000E+01 -0.14697113E+02  0.12209934E+01
  0.31300000E+01 -0.14980720E+02  0.41471948E+00
  0.31350000E+01 -0.15353295E+02 -0.12400099E+00
  0.31400000E+01 -0.14724961E+02 -0.62538797E+00
  0.31450000E+01 -0.14091862E+02 -0.61511106E+00
  0.31500000E+01 -0.14253966E+02 -0.24807376E+00
  0.31550000E+01 -0.15464299E+02 -0.13276172E-01
  0.31600000E+01 -0.16459782E+02  0.10235537E+00
  0.31650000E+01 -0.18400253E+02  0.81090969E+00
  0.31700000E+01 -0.22418638E+02 -0.17730291E+00
  0.31750000E+01 -0.21865615E+02 -0.15179119E+01
  0.31800000E+01 -0.20329699E+02 -0.22554363E+01
  0.31850000E+01 -0.18342057E+02 -0.19555451E+01
  0.31900000E+01 -0.17113544E+02 -0.12018141E+01
  0.31950000E+01 -0.18569357E+02  0.30661168E+00
  0.32000000E+01 -0.22028645E+02  0.11027329E+01
  0.32050000E+01 -0.25780219E+02  0.12318434E+01
  0.32100000E+01 -0.30584443E+02  0.90836295E+00
  0.32150000E+01 -0.35460867E+02 -0.99578739E+00
  0.32200000E+01 -0.38187065E+02 -0.32110530E+01
  0.32250000E+01 -0.39026373E+02 -0.62260563E+01
  0.32300000E+01 -0.36456254E+02 -0.81611238E+01
  0.32350000E+01 -0.33459243E+02 -0.93375782E+01
  0.32400000E+01 -0.30997578E+02 -0.94052631E+01
  0.32450000E+01 -0.31095724E+02 -0.93221398E+01
  0.32500000E+01 -0.31735936E+02 -0.94020687E+01
  0.32550000E+01 -0.33490113E+02 -0.96912017E+01
  0.32600000E+01 -0.35562819E+02 -0.10562432E+02
  0.32650000E+01 -0.37809125E+02 -0.12361749E+02
  0.32700000E+01 -0.37642748E+02 -0.13468687E+02
  0.32750000E+01 -0.38207676E+02 -0.15151093E+02
  0.32800000E+01 -0.38865779E+02 -0.17590294E+02
  0.32850000E+01 -0.34934833E+02 -0.19058293E+02
  0.32900000E+01 -0.33798059E+02 -0.19755458E+02
  0.32950000E+01 -0.32981553E+02 -0.20986270E+02
  0.33000000E+01 -0.30416878E+02 -0.22545294E+02
  0.33050000E+01 -0.25658749E+02 -0.23528927E+02
  0.33100000E+01 -0.21780649E+02 -0.23193240E+02
  0.33150000E+01 -0.19291960E+02 -0.21958261E+02
  0.33200000E+01 -0.18688526E+02 -0.21656362E+02
  0.33250000E+01 -0.19961513E+02 -0.21739390E+02
  0.33300000E+01 -0.17751574E+02 -0.21918162E+02
  0.33350000E+01 -0.17802514E+02 -0.21608700E+02
  0.33400000E+01 -0.17222785E+02 -0.21658711E+02
  0.33450000E+01 -0.17705784E+02 -0.22125274E+02
  0.33500000E+01 -0.17542795E+02 -0.23325874E+02
  0.33550000E+01 -0.15049516E+02 -0.24177754E+02
  0.33600000E+01 -0.12498382E+02 -0.24523349E+02
  0.33650000E+01 -0.10572730E+02 -0.24156547E+02
  0.33700000E+01 -0.75167562E+01 -0.24779970E+02
  0.33750000E+01 -0.35472211E+01 -0.23113847E+02
  0.33800000E+01 -0.39860242E+01 -0.22796849E+02
  0.33850000E+01 -0.36112083E+01 -0.22389763E+02
  0.33900000E+01 -0.26334347E+01 -0.21289267E+02
  0.33950000E+01 -0.34669319E+01 -0.21070628E+02
  0.34000000E+01 -0.37048764E+01 -0.20665418E+02
  0.34050000E+01 -0.35685940E+01 -0.20621696E+02
  0.34100000E+01 -0.33084874E+01 -0.20388194E+02
  0.34150000E+01 -0.28372924E+01 -0.20313669E+02
  0.34200000E+01 -0.20987612E+01 -0.20224594E+02
  0.34250000E+01 -0.82767330E-01 -0.19771275E+02
  0.34300000E+01  0.83633868E+00 -0.18388351E+02
  0.34350000E+01 -0.78252529E+00 -0.17251804E+02
  0.34400000E+01 -0.35992338E+01 -0.16346634E+02
  0.34450000E+01 -0.58086602E+01 -0.16614988E+02
  0.34500000E+01 -0.64543058E+01 -0.16634079E+02
  0.34550000E+01 -0.92479760E+01 -0.16454564E+02
  0.34600000E+01 -0.96289320E+01 -0.17259497E+02
  0.34650000E+01 -0.10566461E+02 -0.17746865E+02
  0.34700000E+01 -0.11044833E+02 -0.18231179E+02
  0.34750000E+01 -0.10883393E+02 -0.18980264E+02
  0.34800000E+01 -0.10800868E+02 -0.19469864E+02
  0.34850000E+01 -0.10198632E+02 -0.19953821E+02
  0.34900000E+01 -0.96918700E+01 -0.20426143E+02
  0.34950000E+01 -0.87559607E+01 -0.20780624E+02
  0.35000000E+01 -0.86557436E+01 -0.21169987E+02
