  0.15000000E+01  0.25395311E+04 -0.28084753E+04
  0.15050000E+01  0.25527360E+04 -0.28119566E+04
  0.15100000E+01  0.25663701E+04 -0.28159284E+04
  0.15150000E+01  0.25824987E+04 -0.28208325E+04
  0.15200000E+01  0.26025608E+04 -0.28252373E+04
  0.15250000E+01  0.26242960E+04 -0.28282448E+04
  0.15300000E+01  0.26427951E+04 -0.28301564E+04
  0.15350000E+01  0.26609745E+04 -0.28322508E+04
  0.15400000E+01  0.26761553E+04 -0.28332348E+04
  0.15450000E+01  0.26884525E+04 -0.28359075E+04
  0.15500000E+01  0.26999207E+04 -0.28383882E+04
  0.15550000E+01  0.27096122E+04 -0.28424526E+04
  0.15600000E+01  0.27216372E+04 -0.28479038E+04
  0.15650000E+01  0.27366437E+04 -0.28535677E+04
  0.15700000E+01  0.27551601E+04 -0.28585857E+04
  0.15750000E+01  0.27767518E+04 -0.28619529E+04
  0.15800000E+01  0.27968994E+04 -0.28624594E+04
  0.15850000E+01  0.28096735E+04 -0.28623355E+04
  0.15900000E+01  0.28203125E+04 -0.28645125E+04
  0.15950000E+01  0.28351189E+04 -0.28682533E+04
  0.16000000E+01  0.28538655E+04 -0.28711658E+04
  0.16050000E+01  0.28766189E+04 -0.28742413E+04
  0.16100000E+01  0.29083203E+04 -0.28764911E+04
  0.16150000E+01  0.29549875E+04 -0.28726097E+04
  0.16200000E+01  0.29833982E+04 -0.28606757E+04
  0.16250000E+01  0.30212158E+04 -0.28409368E+04
  0.16300000E+01  0.30118096E+04 -0.28254333E+04
  0.16350000E+01  0.30239556E+04 -0.28192284E+04
  0.16400000E+01  0.30408082E+04 -0.28103509E+04
  0.16450000E+01  0.30489261E+04 -0.27975868E+04
  0.16500000E+01  0.30537013E+04 -0.27916231E+04
  0.16550000E+01  0.30646470E+04 -0.27872037E+04
  0.16600000E+01  0.30827774E+04 -0.27822797E+04
  0.16650000E+01  0.31061950E+04 -0.27738993E+04
  0.16700000E+01  0.31288436E+04 -0.27622898E+04
  0.16750000E+01  0.31511048E+04 -0.27468112E+04
  0.16800000E+01  0.31708532E+04 -0.27238881E+04
  0.16850000E+01  0.31621968E+04 -0.26911350E+04
  0.16900000E+01  0.31150949E+04 -0.26648984E+04
  0.16950000E+01  0.30600921E+04 -0.26503069E+04
  0.17000000E+01  0.30039696E+04 -0.26415649E+04
  0.17050000E+01  0.29444016E+04 -0.26426867E+04
  0.17100000E+01  0.28959095E+04 -0.26507199E+04
  0.17150000E+01  0.28556054E+04 -0.26622935E+04
  0.17200000E+01  0.28224284E+04 -0.26779275E+04
  0.17250000E+01  0.27992143E+04 -0.26959398E+04
  0.17300000E+01  0.27877284E+04 -0.27144889E+04
  0.17350000E+01  0.27821239E+04 -0.27287339E+04
  0.17400000E+01  0.27652596E+04 -0.27414774E+04
  0.17450000E+01  0.27473657E+04 -0.27587911E+04
  0.17500000E+01  0.27337607E+04 -0.27779910E+04
  0.17550000E+01  0.27239535E+04 -0.27980272E+04
  0.17600000E+01  0.27177875E+04 -0.28182053E+04
  0.17650000E+01  0.27134261E+04 -0.28382889E+04
  0.17700000E+01  0.27113993E+04 -0.28587967E+04
  0.17750000E+01  0.27123572E+04 -0.28790576E+04
  0.17800000E+01  0.27159199E+04 -0.28988408E+04
  0.17850000E+01  0.27208090E+04 -0.29173424E+04
  0.17900000E+01  0.27232073E+04 -0.29352352E+04
  0.17950000E+01  0.27229195E+04 -0.29532971E+04
  0.18000000E+01  0.27219660E+04 -0.29733968E+04
  0.18050000E+01  0.27238340E+04 -0.29951567E+04
  0.18100000E+01  0.27289775E+04 -0.30177425E+04
  0.18150000E+01  0.27371918E+04 -0.30412254E+04
  0.18200000E+01  0.27496844E+04 -0.30652075E+04
  0.18250000E+01  0.27675016E+04 -0.30889234E+04
  0.18300000E+01  0.27906248E+04 -0.31113825E+04
  0.18350000E+01  0.28144880E+04 -0.31319199E+04
  0.18400000E+01  0.28403351E+04 -0.31530627E+04
  0.18450000E+01  0.28748555E+04 -0.31711559E+04
  0.18500000E+01  0.29058600E+04 -0.31843629E+04
  0.18550000E+01  0.29203983E+04 -0.31974825E+04
  0.18600000E+01  0.29394587E+04 -0.32166038E+04
  0.18650000E+01  0.29642810E+04 -0.32364959E+04
  0.18700000E+01  0.29944446E+04 -0.32567879E+04
  0.18750000E+01  0.30320377E+04 -0.32758163E+04
  0.18800000E+01  0.30729294E+04 -0.32918506E+04
  0.18850000E+01  0.31150859E+04 -0.33052280E+04
  0.18900000E+01  0.31561942E+04 -0.33135835E+04
  0.18950000E+01  0.31913889E+04 -0.33207127E+04
  0.19000000E+01  0.32181116E+04 -0.33223279E+04
  0.19050000E+01  0.32293808E+04 -0.33323920E+04
  0.19100000E+01  0.32569510E+04 -0.33460385E+04
  0.19150000E+01  0.32958481E+04 -0.33544634E+04
  0.19200000E+01  0.33223706E+04 -0.33595077E+04
  0.19250000E+01  0.33492070E+04 -0.33656329E+04
  0.19300000E+01  0.33731480E+04 -0.33678917E+04
  0.19350000E+01  0.33825565E+04 -0.33733624E+04
  0.19400000E+01  0.33986775E+04 -0.33833524E+04
  0.19450000E+01  0.34173773E+04 -0.33947981E+04
  0.19500000E+01  0.34481028E+04 -0.34082637E+04
  0.19550000E+01  0.34883985E+04 -0.34197506E+04
  0.19600000E+01  0.35379248E+04 -0.34279234E+04
  0.19650000E+01  0.35901192E+04 -0.34286081E+04
  0.19700000E+01  0.36345053E+04 -0.34226709E+04
  0.19750000E+01  0.36581483E+04 -0.34168684E+04
  0.19800000E+01  0.36786423E+04 -0.34146237E+04
  0.19850000E+01  0.36961803E+04 -0.34140925E+04
  0.19900000E+01  0.37146557E+04 -0.34143318E+04
  0.19950000E+01  0.37244519E+04 -0.34152671E+04
  0.20000000E+01  0.37373901E+04 -0.34201653E+04
  0.20050000E+01  0.37535576E+04 -0.34262998E+04
  0.20100000E+01  0.37730376E+04 -0.34326101E+04
  0.20150000E+01  0.37954448E+04 -0.34390406E+04
  0.20200000E+01  0.38215806E+04 -0.34448321E+04
  0.20250000E+01  0.38482580E+04 -0.34470519E+04
  0.20300000E+01  0.38733124E+04 -0.34503611E+04
  0.20350000E+01  0.38994014E+04 -0.34515091E+04
  0.20400000E+01  0.39194412E+04 -0.34504748E+04
  0.20450000E+01  0.39354327E+04 -0.34494716E+04
  0.20500000E+01  0.39429530E+04 -0.34478015E+04
  0.20550000E+01  0.39425312E+04 -0.34499766E+04
  0.20600000E+01  0.39442835E+04 -0.34564042E+04
  0.20650000E+01  0.39520387E+04 -0.34642762E+04
  0.20700000E+01  0.39660412E+04 -0.34717502E+04
  0.20750000E+01  0.39763727E+04 -0.34758068E+04
  0.20800000E+01  0.39774712E+04 -0.34829830E+04
  0.20850000E+01  0.39889244E+04 -0.34957316E+04
  0.20900000E+01  0.40072418E+04 -0.35082277E+04
  0.20950000E+01  0.40303168E+04 -0.35208980E+04
  0.21000000E+01  0.40600341E+04 -0.35331991E+04
  0.21050000E+01  0.40955567E+04 -0.35439083E+04
  0.21100000E+01  0.41369800E+04 -0.35512259E+04
  0.21150000E+01  0.41832118E+04 -0.35550728E+04
  0.21200000E+01  0.42208405E+04 -0.35535984E+04
  0.21250000E+01  0.42492970E+04 -0.35526400E+04
  0.21300000E+01  0.42754725E+04 -0.35536529E+04
  0.21350000E+01  0.43047604E+04 -0.35555558E+04
  0.21400000E+01  0.43384030E+04 -0.35559217E+04
  0.21450000E+01  0.43702189E+04 -0.35536162E+04
  0.21500000E+01  0.43945255E+04 -0.35505741E+04
  0.21550000E+01  0.44183454E+04 -0.35499145E+04
  0.21600000E+01  0.44478541E+04 -0.35490407E+04
  0.21650000E+01  0.44805869E+04 -0.35460434E+04
  0.21700000E+01  0.45161796E+04 -0.35387614E+04
  0.21750000E+01  0.45375113E+04 -0.35263126E+04
  0.21800000E+01  0.45487255E+04 -0.35152013E+04
  0.21850000E+01  0.45507848E+04 -0.35053898E+04
  0.21900000E+01  0.45444207E+04 -0.34987706E+04
  0.21950000E+01  0.45373189E+04 -0.34967074E+04
  0.22000000E+01  0.45347801E+04 -0.34974692E+04
  0.22050000E+01  0.45432665E+04 -0.34985985E+04
  0.22100000E+01  0.45439086E+04 -0.34914823E+04
  0.22150000E+01  0.45246733E+04 -0.34928372E+04
  0.22200000E+01  0.45150754E+04 -0.35020197E+04
  0.22250000E+01  0.45192741E+04 -0.35142542E+04
  0.22300000E+01  0.45456697E+04 -0.35262556E+04
  0.22350000E+01  0.45898150E+04 -0.35083010E+04
  0.22400000E+01  0.45520756E+04 -0.35092581E+04
  0.22450000E+01  0.45526804E+04 -0.35216379E+04
  0.22500000E+01  0.45639730E+04 -0.35360430E+04
  0.22550000E+01  0.45879973E+04 -0.35500587E+04
  0.22600000E+01  0.46219506E+04 -0.35615559E+04
  0.22650000E+01  0.46623509E+04 -0.35698570E+04
  0.22700000E+01  0.47060693E+04 -0.35744017E+04
  0.22750000E+01  0.47487354E+04 -0.35757755E+04
  0.22800000E+01  0.47916450E+04 -0.35758329E+04
  0.22850000E+01  0.48407813E+04 -0.35734471E+04
  0.22900000E+01  0.48862512E+04 -0.35630433E+04
  0.22950000E+01  0.49066942E+04 -0.35469645E+04
  0.23000000E+01  0.49073662E+04 -0.35390275E+04
  0.23050000E+01  0.49119417E+04 -0.35365605E+04
  0.23100000E+01  0.49175067E+04 -0.35366134E+04
  0.23150000E+01  0.49278511E+04 -0.35385665E+04
  0.23200000E+01  0.49359344E+04 -0.35413841E+04
  0.23250000E+01  0.49466025E+04 -0.35459655E+04
  0.23300000E+01  0.49596940E+04 -0.35499596E+04
  0.23350000E+01  0.49695278E+04 -0.35540868E+04
  0.23400000E+01  0.49787104E+04 -0.35606016E+04
  0.23450000E+01  0.49934248E+04 -0.35687068E+04
  0.23500000E+01  0.50119758E+04 -0.35760746E+04
  0.23550000E+01  0.50337339E+04 -0.35825443E+04
  0.23600000E+01  0.50554871E+04 -0.35889951E+04
  0.23650000E+01  0.50781136E+04 -0.35945729E+04
  0.23700000E+01  0.51001717E+04 -0.36005117E+04
  0.23750000E+01  0.51262189E+04 -0.36077750E+04
  0.23800000E+01  0.51595225E+04 -0.36146994E+04
  0.23850000E+01  0.51989583E+04 -0.36192784E+04
  0.23900000E+01  0.52431500E+04 -0.36185852E+04
  0.23950000E+01  0.52806857E+04 -0.36140958E+04
  0.24000000E+01  0.53140913E+04 -0.36064862E+04
  0.24050000E+01  0.53298258E+04 -0.35990110E+04
  0.24100000E+01  0.53450599E+04 -0.35979215E+04
  0.24150000E+01  0.53657923E+04 -0.35983533E+04
  0.24200000E+01  0.53886282E+04 -0.35983336E+04
  0.24250000E+01  0.54135640E+04 -0.35990695E+04
  0.24300000E+01  0.54376854E+04 -0.35990191E+04
  0.24350000E+01  0.54622984E+04 -0.36006699E+04
  0.24400000E+01  0.54874874E+04 -0.36030198E+04
  0.24450000E+01  0.55138698E+04 -0.36069584E+04
  0.24500000E+01  0.55458629E+04 -0.36134102E+04
  0.24550000E+01  0.55850618E+04 -0.36211629E+04
  0.24600000E+01  0.56374090E+04 -0.36298655E+04
  0.24650000E+01  0.57066292E+04 -0.36364550E+04
  0.24700000E+01  0.57872114E+04 -0.36351012E+04
  0.24750000E+01  0.58656710E+04 -0.36259255E+04
  0.24800000E+01  0.59333011E+04 -0.36118132E+04
  0.24850000E+01  0.59902493E+04 -0.35948678E+04
  0.24900000E+01  0.60392340E+04 -0.35795974E+04
  0.24950000E+01  0.60914533E+04 -0.35649403E+04
  0.25000000E+01  0.61485474E+04 -0.35494014E+04
  0.25050000E+01  0.62103779E+04 -0.35299919E+04
  0.25100000E+01  0.62723995E+04 -0.35054760E+04
  0.25150000E+01  0.63267373E+04 -0.34715648E+04
  0.25200000E+01  0.63522216E+04 -0.34391968E+04
  0.25250000E+01  0.63737232E+04 -0.34107099E+04
  0.25300000E+01  0.63870360E+04 -0.33848734E+04
  0.25350000E+01  0.64008412E+04 -0.33643086E+04
  0.25400000E+01  0.64256926E+04 -0.33453949E+04
  0.25450000E+01  0.64500255E+04 -0.33230460E+04
  0.25500000E+01  0.64722030E+04 -0.33001761E+04
  0.25550000E+01  0.64884344E+04 -0.32759515E+04
  0.25600000E+01  0.64967908E+04 -0.32562563E+04
  0.25650000E+01  0.65147980E+04 -0.32385369E+04
  0.25700000E+01  0.65367066E+04 -0.32171282E+04
  0.25750000E+01  0.65464196E+04 -0.31950423E+04
  0.25800000E+01  0.65581654E+04 -0.31749765E+04
  0.25850000E+01  0.65644461E+04 -0.31547160E+04
  0.25900000E+01  0.65670518E+04 -0.31368423E+04
  0.25950000E+01  0.65686423E+04 -0.31215006E+04
  0.26000000E+01  0.65731161E+04 -0.31079997E+04
  0.26050000E+01  0.65820844E+04 -0.30948077E+04
  0.26100000E+01  0.65949266E+04 -0.30779386E+04
  0.26150000E+01  0.65926094E+04 -0.30595927E+04
  0.26200000E+01  0.65875840E+04 -0.30472250E+04
  0.26250000E+01  0.65848136E+04 -0.30372568E+04
  0.26300000E+01  0.65851221E+04 -0.30288653E+04
  0.26350000E+01  0.65886188E+04 -0.30199355E+04
  0.26400000E+01  0.65913907E+04 -0.30113308E+04
  0.26450000E+01  0.65922554E+04 -0.30044793E+04
  0.26500000E+01  0.65948771E+04 -0.29988620E+04
  0.26550000E+01  0.66050185E+04 -0.29974864E+04
  0.26600000E+01  0.66224126E+04 -0.29967012E+04
  0.26650000E+01  0.66542757E+04 -0.29950596E+04
  0.26700000E+01  0.66885553E+04 -0.29879615E+04
  0.26750000E+01  0.67231406E+04 -0.29810831E+04
  0.26800000E+01  0.67641164E+04 -0.29722618E+04
  0.26850000E+01  0.68067760E+04 -0.29587122E+04
  0.26900000E+01  0.68493336E+04 -0.29427463E+04
  0.26950000E+01  0.68904600E+04 -0.29210046E+04
  0.27000000E+01  0.69137458E+04 -0.28930038E+04
  0.27050000E+01  0.69212157E+04 -0.28711882E+04
  0.27100000E+01  0.69323881E+04 -0.28523170E+04
  0.27150000E+01  0.69426350E+04 -0.28325456E+04
  0.27200000E+01  0.69485074E+04 -0.28116228E+04
  0.27250000E+01  0.69496061E+04 -0.27920927E+04
  0.27300000E+01  0.69469234E+04 -0.27691977E+04
  0.27350000E+01  0.69242835E+04 -0.27497422E+04
  0.27400000E+01  0.68981885E+04 -0.27370115E+04
  0.27450000E+01  0.68741240E+04 -0.27285930E+04
  0.27500000E+01  0.68533417E+04 -0.27233121E+04
  0.27550000E+01  0.68344983E+04 -0.27202192E+04
  0.27600000E+01  0.68176871E+04 -0.27180894E+04
  0.27650000E+01  0.68005313E+04 -0.27187050E+04
  0.27700000E+01  0.67870912E+04 -0.27216906E+04
  0.27750000E+01  0.67787381E+04 -0.27264724E+04
  0.27800000E+01  0.67764424E+04 -0.27318699E+04
  0.27850000E+01  0.67823685E+04 -0.27376957E+04
  0.27900000E+01  0.67959751E+04 -0.27424797E+04
  0.27950000E+01  0.68145285E+04 -0.27453244E+04
  0.28000000E+01  0.68410329E+04 -0.27463539E+04
  0.28050000E+01  0.68715228E+04 -0.27421333E+04
  0.28100000E+01  0.68970486E+04 -0.27330525E+04
  0.28150000E+01  0.69076489E+04 -0.27205508E+04
  0.28200000E+01  0.69082964E+04 -0.27137956E+04
  0.28250000E+01  0.69102853E+04 -0.27097539E+04
  0.28300000E+01  0.69166916E+04 -0.27085745E+04
  0.28350000E+01  0.69307426E+04 -0.27078378E+04
  0.28400000E+01  0.69499317E+04 -0.27065291E+04
  0.28450000E+01  0.69703416E+04 -0.27026543E+04
  0.28500000E+01  0.69882557E+04 -0.26983186E+04
  0.28550000E+01  0.70064680E+04 -0.26940056E+04
  0.28600000E+01  0.70203380E+04 -0.26891437E+04
  0.28650000E+01  0.70335376E+04 -0.26873945E+04
  0.28700000E+01  0.70521251E+04 -0.26865348E+04
  0.28750000E+01  0.70744069E+04 -0.26859095E+04
  0.28800000E+01  0.71053181E+04 -0.26851688E+04
  0.28850000E+01  0.71431591E+04 -0.26819280E+04
  0.28900000E+01  0.71892951E+04 -0.26761936E+04
  0.28950000E+01  0.72419652E+04 -0.26639789E+04
  0.29000000E+01  0.72897067E+04 -0.26443325E+04
  0.29050000E+01  0.73267879E+04 -0.26224503E+04
  0.29100000E+01  0.73607993E+04 -0.26002032E+04
  0.29150000E+01  0.73950035E+04 -0.25747707E+04
  0.29200000E+01  0.74235056E+04 -0.25458076E+04
  0.29250000E+01  0.74392655E+04 -0.25144311E+04
  0.29300000E+01  0.74433484E+04 -0.24842324E+04
  0.29350000E+01  0.74345368E+04 -0.24563328E+04
  0.29400000E+01  0.74197488E+04 -0.24354965E+04
  0.29450000E+01  0.74124731E+04 -0.24196893E+04
  0.29500000E+01  0.74161943E+04 -0.24049815E+04
  0.29550000E+01  0.74337705E+04 -0.23865972E+04
  0.29600000E+01  0.74393375E+04 -0.23579993E+04
  0.29650000E+01  0.74276147E+04 -0.23314922E+04
  0.29700000E+01  0.73943964E+04 -0.23125573E+04
  0.29750000E+01  0.73683578E+04 -0.23039554E+04
  0.29800000E+01  0.73580429E+04 -0.22977117E+04
  0.29850000E+01  0.73514161E+04 -0.22924709E+04
  0.29900000E+01  0.73516118E+04 -0.22888206E+04
  0.29950000E+01  0.73571478E+04 -0.22846327E+04
  0.30000000E+01  0.73630455E+04 -0.22787947E+04
  0.30050000E+01  0.73684151E+04 -0.22733073E+04
  0.30100000E+01  0.73720034E+04 -0.22681566E+04
  0.30150000E+01  0.73762575E+04 -0.22637636E+04
  0.30200000E+01  0.73802943E+04 -0.22581646E+04
  0.30250000E+01  0.73817222E+04 -0.22511998E+04
  0.30300000E+01  0.73745382E+04 -0.22445357E+04
  0.30350000E+01  0.73611401E+04 -0.22409671E+04
  0.30400000E+01  0.73478651E+04 -0.22438902E+04
  0.30450000E+01  0.73463273E+04 -0.22504017E+04
  0.30500000E+01  0.73565611E+04 -0.22568022E+04
  0.30550000E+01  0.73785966E+04 -0.22626570E+04
  0.30600000E+01  0.74125214E+04 -0.22647685E+04
  0.30650000E+01  0.74476466E+04 -0.22603683E+04
  0.30700000E+01  0.74753071E+04 -0.22511219E+04
  0.30750000E+01  0.74870775E+04 -0.22382902E+04
  0.30800000E+01  0.74904709E+04 -0.22307900E+04
  0.30850000E+01  0.74923282E+04 -0.22242465E+04
  0.30900000E+01  0.74915957E+04 -0.22230289E+04
  0.30950000E+01  0.75003778E+04 -0.22248569E+04
  0.31000000E+01  0.75191484E+04 -0.22238575E+04
  0.31050000E+01  0.75259390E+04 -0.22184400E+04
  0.31100000E+01  0.75338725E+04 -0.22182320E+04
  0.31150000E+01  0.75439341E+04 -0.22190201E+04
  0.31200000E+01  0.75537303E+04 -0.22214303E+04
  0.31250000E+01  0.75715904E+04 -0.22273055E+04
  0.31300000E+01  0.75981492E+04 -0.22321250E+04
  0.31350000E+01  0.76222963E+04 -0.22356313E+04
  0.31400000E+01  0.76570031E+04 -0.22428141E+04
  0.31450000E+01  0.77010879E+04 -0.22463423E+04
  0.31500000E+01  0.77501828E+04 -0.22504551E+04
  0.31550000E+01  0.78093028E+04 -0.22504796E+04
  0.31600000E+01  0.78638975E+04 -0.22461084E+04
  0.31650000E+01  0.79192217E+04 -0.22422112E+04
  0.31700000E+01  0.79785483E+04 -0.22369292E+04
  0.31750000E+01  0.80433238E+04 -0.22294042E+04
  0.31800000E+01  0.81213641E+04 -0.22168282E+04
  0.31850000E+01  0.81819550E+04 -0.21977049E+04
  0.31900000E+01  0.82412313E+04 -0.21857670E+04
  0.31950000E+01  0.83239765E+04 -0.21746961E+04
  0.32000000E+01  0.84222823E+04 -0.21576555E+04
  0.32050000E+01  0.85241451E+04 -0.21301050E+04
  0.32100000E+01  0.86260556E+04 -0.20957638E+04
  0.32150000E+01  0.87242558E+04 -0.20494288E+04
  0.32200000E+01  0.88037153E+04 -0.19951188E+04
  0.32250000E+01  0.88600091E+04 -0.19371380E+04
  0.32300000E+01  0.89041067E+04 -0.18815898E+04
  0.32350000E+01  0.89250280E+04 -0.18233078E+04
  0.32400000E+01  0.89304533E+04 -0.17783158E+04
  0.32450000E+01  0.89481107E+04 -0.17403508E+04
  0.32500000E+01  0.89876260E+04 -0.16987944E+04
  0.32550000E+01  0.90150282E+04 -0.16528039E+04
  0.32600000E+01  0.90381948E+04 -0.16063966E+04
  0.32650000E+01  0.90506264E+04 -0.15631426E+04
  0.32700000E+01  0.90637942E+04 -0.15233686E+04
  0.32750000E+01  0.90822401E+04 -0.14829543E+04
  0.32800000E+01  0.90936021E+04 -0.14356547E+04
  0.32850000E+01  0.90903162E+04 -0.13982096E+04
  0.32900000E+01  0.90993751E+04 -0.13652490E+04
  0.32950000E+01  0.91153620E+04 -0.13336183E+04
  0.33000000E+01  0.91443721E+04 -0.13009492E+04
  0.33050000E+01  0.91834037E+04 -0.12620995E+04
  0.33100000E+01  0.92170003E+04 -0.12120181E+04
  0.33150000E+01  0.92207206E+04 -0.11567300E+04
  0.33200000E+01  0.91979499E+04 -0.11101791E+04
  0.33250000E+01  0.91747352E+04 -0.10737525E+04
  0.33300000E+01  0.91651549E+04 -0.10404785E+04
  0.33350000E+01  0.91498365E+04 -0.10121655E+04
  0.33400000E+01  0.91537809E+04 -0.98811323E+03
  0.33450000E+01  0.91696653E+04 -0.96423614E+03
  0.33500000E+01  0.92035065E+04 -0.93521083E+03
  0.33550000E+01  0.92407822E+04 -0.89894009E+03
  0.33600000E+01  0.92766715E+04 -0.85387043E+03
  0.33650000E+01  0.93029196E+04 -0.80227306E+03
  0.33700000E+01  0.93124472E+04 -0.74932421E+03
  0.33750000E+01  0.93092137E+04 -0.69608797E+03
  0.33800000E+01  0.92909920E+04 -0.64755086E+03
  0.33850000E+01  0.92756120E+04 -0.60780100E+03
  0.33900000E+01  0.92751736E+04 -0.56756888E+03
  0.33950000E+01  0.92739738E+04 -0.52267914E+03
  0.34000000E+01  0.92642700E+04 -0.48152636E+03
  0.34050000E+01  0.92571757E+04 -0.43856145E+03
  0.34100000E+01  0.92408016E+04 -0.39270081E+03
  0.34150000E+01  0.92071898E+04 -0.34915644E+03
  0.34200000E+01  0.91678611E+04 -0.31131449E+03
  0.34250000E+01  0.91301083E+04 -0.27771469E+03
  0.34300000E+01  0.90877678E+04 -0.24344430E+03
  0.34350000E+01  0.90326218E+04 -0.21437809E+03
  0.34400000E+01  0.89749389E+04 -0.19520930E+03
  0.34450000E+01  0.89297201E+04 -0.18168417E+03
  0.34500000E+01  0.88928013E+04 -0.17015418E+03
  0.34550000E+01  0.88615351E+04 -0.15967621E+03
  0.34600000E+01  0.88278496E+04 -0.14774525E+03
  0.34650000E+01  0.88031526E+04 -0.14438559E+03
  0.34700000E+01  0.87891278E+04 -0.14217175E+03
  0.34750000E+01  0.87847056E+04 -0.14012459E+03
  0.34800000E+01  0.87891726E+04 -0.13730965E+03
  0.34850000E+01  0.87994236E+04 -0.13288688E+03
  0.34900000E+01  0.88159585E+04 -0.12812600E+03
  0.34950000E+01  0.88417950E+04 -0.12179179E+03
  0.35000000E+01  0.88781071E+04 -0.11237561E+03
