  0.15000000E+01  0.23634246E+01  0.13326581E+01
  0.15050000E+01  0.20648915E+01  0.36631153E+01
  0.15100000E+01  0.12780111E+01  0.44972876E+01
  0.15150000E+01  0.46158650E+00  0.48638024E+01
  0.15200000E+01 -0.26338298E+00  0.40012254E+01
  0.15250000E+01 -0.57630184E+00  0.29139187E+01
  0.15300000E+01 -0.64480214E+00  0.23445369E+01
  0.15350000E+01 -0.59482226E+00  0.18244533E+01
  0.15400000E+01 -0.62145138E+00  0.18019091E+01
  0.15450000E+01 -0.69257154E+00  0.14504411E+01
  0.15500000E+01 -0.77759567E+00  0.11098649E+01
  0.15550000E+01 -0.83325603E+00  0.77382951E+00
  0.15600000E+01 -0.73035281E+00  0.69307925E+00
  0.15650000E+01 -0.75340296E+00  0.52237992E+00
  0.15700000E+01 -0.81905837E+00  0.35379678E+00
  0.15750000E+01 -0.71850538E+00 -0.18581644E-01
  0.15800000E+01 -0.68402019E+00 -0.35186002E-01
  0.15850000E+01 -0.70586511E+00 -0.31827611E+00
  0.15900000E+01 -0.70260997E+00 -0.61857747E+00
  0.15950000E+01 -0.69423407E+00 -0.10790295E+01
  0.16000000E+01 -0.40618537E+00 -0.12848160E+01
  0.16050000E+01 -0.24010871E+00 -0.16807156E+01
  0.16100000E+01  0.24168102E+00 -0.16367735E+01
  0.16150000E+01  0.60947160E+00 -0.56032240E+00
  0.16200000E+01  0.47292803E+00  0.17068843E+00
  0.16250000E+01  0.32563019E-01  0.49069247E+00
  0.16300000E+01 -0.50131910E-02  0.35053653E-01
  0.16350000E+01  0.82329731E-01 -0.37961953E+00
  0.16400000E+01  0.16685863E+00  0.48526193E-01
  0.16450000E+01  0.56160391E-01  0.40404977E+00
  0.16500000E+01 -0.26826302E+00  0.19828626E+00
  0.16550000E+01 -0.16835514E+00 -0.14912107E+00
  0.16600000E+01 -0.91346891E-01 -0.22769535E+00
  0.16650000E+01 -0.76299881E-01 -0.33668288E+00
  0.16700000E+01  0.92061151E-02 -0.47468817E+00
  0.16750000E+01  0.12053730E+00 -0.57727945E+00
  0.16800000E+01  0.34957932E+00 -0.35480380E+00
  0.16850000E+01  0.27797451E+00  0.10967016E-01
  0.16900000E+01  0.28064424E+00 -0.26747819E-01
  0.16950000E+01  0.32762161E+00  0.58801488E-01
  0.17000000E+01  0.36101172E+00  0.30049742E+00
  0.17050000E+01  0.20695256E+00  0.76986553E+00
  0.17100000E+01  0.20582602E-01  0.34060580E+00
  0.17150000E+01  0.17755282E+00  0.57672229E-01
  0.17200000E+01  0.21195606E+00  0.15845062E+00
  0.17250000E+01 -0.80995904E-01 -0.42726054E+00
  0.17300000E+01  0.23949022E+00  0.51730308E-01
  0.17350000E+01  0.23886408E+00  0.35459143E+00
  0.17400000E+01  0.24231414E+00  0.32149648E+00
  0.17450000E+01  0.13758897E+00  0.81802127E+00
  0.17500000E+01  0.18688918E+00  0.59225050E+00
  0.17550000E+01  0.17408283E+00  0.60808793E+00
  0.17600000E+01  0.14220325E+00  0.74603604E+00
  0.17650000E+01  0.42738210E-01  0.86833324E+00
  0.17700000E+01 -0.51196701E-01  0.83715899E+00
  0.17750000E+01 -0.15893160E+00  0.72237200E+00
  0.17800000E+01 -0.20252882E+00  0.51046720E+00
  0.17850000E+01 -0.20631359E+00  0.36227130E+00
  0.17900000E+01 -0.20771469E+00  0.11003850E+00
  0.17950000E+01 -0.14566687E+00  0.41265979E-01
  0.18000000E+01 -0.10376888E+00  0.12823102E-01
  0.18050000E+01 -0.45978818E-01  0.14337908E-01
  0.18100000E+01 -0.84681099E-02  0.19676785E-01
  0.18150000E+01  0.34542026E-01  0.59381195E-01
  0.18200000E+01  0.52198442E-01  0.15932956E+00
  0.18250000E+01  0.48483711E-01  0.24676815E+00
  0.18300000E+01  0.20973520E-01  0.27940063E+00
  0.18350000E+01 -0.78018266E-02  0.26653751E+00
  0.18400000E+01  0.72596493E-01  0.82799823E-01
  0.18450000E+01 -0.87937371E-01 -0.15624449E-01
  0.18500000E+01  0.19238882E-01  0.10341296E-01
  0.18550000E+01  0.47543157E-01  0.31785383E-01
  0.18600000E+01  0.10327939E+00  0.13744531E-01
  0.18650000E+01  0.39400372E+00  0.16728886E+00
  0.18700000E+01 -0.15236723E+00  0.11874022E+00
  0.18750000E+01 -0.66729386E-01  0.82309040E-02
  0.18800000E+01 -0.22332114E-01  0.46925958E-01
  0.18850000E+01  0.84425425E-03  0.97206141E-01
  0.18900000E+01  0.72154525E-02  0.15096874E+00
  0.18950000E+01 -0.26483031E-02  0.15166611E+00
  0.19000000E+01  0.10886317E-01  0.19157472E+00
  0.19050000E+01  0.14912128E-01  0.18050360E+00
  0.19100000E+01  0.26489463E-01  0.25902698E+00
  0.19150000E+01 -0.25664618E-01  0.29951699E+00
  0.19200000E+01 -0.18960256E-01  0.70967807E-01
  0.19250000E+01 -0.20018084E-01  0.12738459E+00
  0.19300000E+01  0.17266200E-01  0.12782443E-01
  0.19350000E+01  0.61269027E-01  0.36165735E-01
  0.19400000E+01  0.99878452E-01  0.15585747E-01
  0.19450000E+01  0.14207125E+00  0.70467781E-01
  0.19500000E+01  0.16859615E+00  0.54234301E-01
  0.19550000E+01  0.19622885E+00  0.28371746E+00
  0.19600000E+01  0.18430630E+00  0.28578633E+00
  0.19650000E+01  0.18916840E+00  0.45972363E+00
  0.19700000E+01  0.14698176E+00  0.51522576E+00
  0.19750000E+01  0.16448756E+00  0.46208185E+00
  0.19800000E+01  0.22731330E+00  0.71069661E+00
  0.19850000E+01 -0.45011327E-02  0.10688687E+01
  0.19900000E+01 -0.17675436E+00  0.10701353E+01
  0.19950000E+01 -0.21206527E+00  0.58036506E+00
  0.20000000E+01 -0.20253090E+00  0.52168797E+00
  0.20050000E+01 -0.19178630E+00  0.45218471E+00
  0.20100000E+01 -0.15967937E+00  0.49517946E+00
  0.20150000E+01 -0.19656038E+00  0.58550605E+00
  0.20200000E+01 -0.29647933E+00  0.74104901E+00
  0.20250000E+01 -0.38111955E+00  0.38782563E+00
  0.20300000E+01 -0.12023116E+00 -0.20164922E+00
  0.20350000E+01 -0.33685675E+00 -0.32631258E+00
  0.20400000E+01 -0.24989504E+00 -0.10062685E+00
  0.20450000E+01 -0.22800826E+00 -0.12684295E-01
  0.20500000E+01 -0.17436759E+00  0.74910561E-01
  0.20550000E+01 -0.16455625E+00  0.12282508E+00
  0.20600000E+01 -0.10744507E+00  0.18728077E+00
  0.20650000E+01 -0.11651369E+00  0.37098722E+00
  0.20700000E+01 -0.15809151E+00  0.45884423E+00
  0.20750000E+01 -0.19691612E+00  0.45476858E+00
  0.20800000E+01 -0.18633023E+00  0.47199503E+00
  0.20850000E+01 -0.23704091E+00  0.53984486E+00
  0.20900000E+01 -0.25705730E+00  0.50754231E+00
  0.20950000E+01 -0.28063689E+00  0.49139124E+00
  0.21000000E+01 -0.28961051E+00  0.50313672E+00
  0.21050000E+01 -0.31822104E+00  0.50948299E+00
  0.21100000E+01 -0.33836934E+00  0.51083352E+00
  0.21150000E+01 -0.39146319E+00  0.44430705E+00
  0.21200000E+01 -0.40075647E+00  0.30863314E+00
  0.21250000E+01 -0.35358130E+00  0.15344711E+00
  0.21300000E+01 -0.40017819E+00  0.20818672E+00
  0.21350000E+01 -0.41254733E+00  0.16321445E+00
  0.21400000E+01 -0.43342816E+00  0.83931489E-01
  0.21450000E+01 -0.44880546E+00 -0.10600960E+00
  0.21500000E+01 -0.34852611E+00 -0.37865325E+00
  0.21550000E+01 -0.22082037E+00 -0.51157806E+00
  0.21600000E+01 -0.55432570E-01 -0.33525776E+00
  0.21650000E+01 -0.80119375E-01  0.69102404E-01
  0.21700000E+01 -0.26861919E+00 -0.60641742E-01
  0.21750000E+01 -0.20458915E+00 -0.28999426E+00
  0.21800000E+01 -0.29854432E+00 -0.28099403E+00
  0.21850000E+01  0.12563443E-01 -0.32192507E+00
  0.21900000E+01 -0.12937886E+00  0.17567369E+00
  0.21950000E+01 -0.44778068E-01  0.28591314E-01
  0.22000000E+01 -0.36250116E-01  0.21711130E+00
  0.22050000E+01 -0.63491615E-01  0.36454459E+00
  0.22100000E+01 -0.16546715E+00  0.45804438E+00
  0.22150000E+01 -0.27941052E+00  0.51882565E+00
  0.22200000E+01 -0.55516629E+00  0.11036458E+00
  0.22250000E+01 -0.47253334E+00 -0.41556855E+00
  0.22300000E+01  0.26023879E+00 -0.31863711E+00
  0.22350000E+01  0.78308447E-01  0.18602471E+00
  0.22400000E+01  0.81500976E-02 -0.52877150E-01
  0.22450000E+01  0.28156002E-01 -0.20071623E+00
  0.22500000E+01  0.55018636E-01  0.26195533E+00
  0.22550000E+01 -0.11900805E+00  0.47263897E+00
  0.22600000E+01 -0.17741983E+00  0.51120696E+00
  0.22650000E+01 -0.21298358E+00  0.28696002E+00
  0.22700000E+01 -0.16702390E+00  0.55789913E+00
  0.22750000E+01 -0.24625114E+00  0.58107380E+00
  0.22800000E+01 -0.45821319E+00  0.49657781E+00
  0.22850000E+01 -0.50301285E+00  0.14153652E+00
  0.22900000E+01 -0.48442162E+00  0.16875566E+00
  0.22950000E+01 -0.60824419E+00 -0.11162794E+00
  0.23000000E+01 -0.43206395E+00 -0.10751874E+00
  0.23050000E+01 -0.61174236E+00 -0.89229443E+00
  0.23100000E+01 -0.22818242E+00 -0.90470374E+00
  0.23150000E+01  0.73135212E-01 -0.54861005E+00
  0.23200000E+01  0.11638757E-01 -0.18729640E+00
  0.23250000E+01  0.11179261E+00  0.10228176E+00
  0.23300000E+01 -0.38408611E-01  0.66349793E+00
  0.23350000E+01  0.14621484E+01  0.94073687E+00
  0.23400000E+01 -0.36534456E+00  0.12882366E+01
  0.23450000E+01 -0.64996181E+00  0.75231142E+00
  0.23500000E+01 -0.76186647E+00  0.26433199E+00
  0.23550000E+01 -0.70628991E+00 -0.22621333E+00
  0.23600000E+01 -0.57101309E+00 -0.49599487E+00
  0.23650000E+01 -0.38210710E+00 -0.62402878E+00
  0.23700000E+01 -0.21879135E+00 -0.19830734E+00
  0.23750000E+01 -0.33471123E+00  0.47142126E-01
  0.23800000E+01 -0.42664659E+00 -0.17254053E+00
  0.23850000E+01 -0.37519193E+00 -0.72489101E-01
  0.23900000E+01 -0.42788553E+00 -0.29699970E-01
  0.23950000E+01 -0.48858897E+00 -0.27588503E+00
  0.24000000E+01 -0.51456607E+00 -0.43283367E+00
  0.24050000E+01 -0.48284017E+00 -0.55692709E+00
  0.24100000E+01 -0.48161919E+00 -0.73749342E+00
  0.24150000E+01 -0.50814970E+00 -0.95406549E+00
  0.24200000E+01 -0.24388834E+00 -0.11700449E+01
  0.24250000E+01 -0.18798508E+00 -0.75336590E+00
  0.24300000E+01 -0.98608196E-01 -0.11928053E+01
  0.24350000E+01 -0.79139796E-02 -0.37833025E+00
  0.24400000E+01 -0.16948260E+00 -0.64153153E+00
  0.24450000E+01  0.11232270E-01 -0.80264757E+00
  0.24500000E+01 -0.25203867E+00 -0.67311925E+00
  0.24550000E+01  0.26066472E+00  0.63138534E+00
  0.24600000E+01 -0.25483569E+00 -0.65919428E-01
  0.24650000E+01 -0.16974888E+00 -0.15111356E+00
  0.24700000E+01 -0.18186686E+00 -0.11126036E+00
  0.24750000E+01 -0.18846718E+00 -0.18457179E+00
  0.24800000E+01 -0.24810952E+00 -0.84943568E-01
  0.24850000E+01 -0.40889814E+00 -0.29229478E+00
  0.24900000E+01 -0.36916160E+00 -0.66859569E+00
  0.24950000E+01 -0.56934824E+00 -0.80976856E+00
  0.25000000E+01  0.11666341E+00 -0.36464757E+00
  0.25050000E+01 -0.42517885E+00 -0.89207338E+00
  0.25100000E+01 -0.43419480E+00 -0.17112637E+01
  0.25150000E+01 -0.23047604E-01 -0.24186135E+01
  0.25200000E+01  0.38036938E+00 -0.20467706E+01
  0.25250000E+01  0.43475269E+00 -0.12480994E+01
  0.25300000E+01  0.41335786E+00 -0.19630376E+01
  0.25350000E+01  0.58160984E+00 -0.15844255E+01
  0.25400000E+01  0.89880964E+00 -0.12649029E+01
  0.25450000E+01  0.10393819E+01 -0.71208142E+00
  0.25500000E+01  0.10218869E+01 -0.23196364E-01
  0.25550000E+01  0.86709454E+00  0.40462589E+00
  0.25600000E+01  0.59154533E+00  0.58271267E+00
  0.25650000E+01  0.42328473E+00  0.39554712E+00
  0.25700000E+01  0.34080533E+00  0.11224855E+00
  0.25750000E+01  0.27094490E+00  0.10895282E+00
  0.25800000E+01  0.21178286E+00 -0.61912922E-01
  0.25850000E+01  0.17868703E+00 -0.22201890E+00
  0.25900000E+01  0.16760409E+00 -0.32596063E+00
  0.25950000E+01  0.22647146E+00 -0.43576065E+00
  0.26000000E+01  0.24715422E+00 -0.43007836E+00
  0.26050000E+01  0.32797123E+00 -0.44345497E+00
  0.26100000E+01  0.35673843E+00 -0.21827572E+00
  0.26150000E+01  0.31524614E+00 -0.32278575E-01
  0.26200000E+01  0.27105453E+00 -0.12344951E-01
  0.26250000E+01  0.28589064E+00 -0.11713535E+00
  0.26300000E+01  0.40019217E+00 -0.12964775E+00
  0.26350000E+01  0.42330822E+00  0.35675452E+00
  0.26400000E+01  0.30745244E+00  0.29333584E+00
  0.26450000E+01  0.32202876E+00  0.38700090E+00
  0.26500000E+01  0.19113532E+00  0.56330746E+00
  0.26550000E+01  0.22069440E-01  0.42563953E+00
  0.26600000E+01 -0.40822647E-01  0.87213882E-01
  0.26650000E+01 -0.66518049E-01 -0.50622585E-01
  0.26700000E+01 -0.10331394E+00 -0.38021537E+00
  0.26750000E+01  0.54213139E-01 -0.75556227E+00
  0.26800000E+01  0.22327327E+00 -0.75718278E+00
  0.26850000E+01  0.40596354E+00 -0.72668184E+00
  0.26900000E+01  0.51267744E+00 -0.34697501E+00
  0.26950000E+01  0.54448646E+00 -0.92375647E-01
  0.27000000E+01  0.54302157E+00  0.72301104E-01
  0.27050000E+01  0.49317774E+00  0.23913732E+00
  0.27100000E+01  0.51397564E+00  0.16496858E+00
  0.27150000E+01  0.58024311E+00  0.32219426E+00
  0.27200000E+01  0.56723865E+00  0.65687726E+00
  0.27250000E+01  0.48717656E+00  0.76930521E+00
  0.27300000E+01  0.40135411E+00  0.96637746E+00
  0.27350000E+01  0.33701559E+00  0.98583616E+00
  0.27400000E+01  0.27136886E+00  0.10845550E+01
  0.27450000E+01  0.17013634E+00  0.10471378E+01
  0.27500000E+01  0.10918239E+00  0.10144232E+01
  0.27550000E+01  0.38634679E-01  0.81869955E+00
  0.27600000E+01  0.65411485E-01  0.74848439E+00
  0.27650000E+01  0.79906755E-02  0.67650867E+00
  0.27700000E+01  0.78739133E-03  0.64460843E+00
  0.27750000E+01 -0.22378782E-01  0.58363981E+00
  0.27800000E+01 -0.56434620E-01  0.59119041E+00
  0.27850000E+01 -0.12934852E+00  0.58745523E+00
  0.27900000E+01 -0.21790599E+00  0.31095344E+00
  0.27950000E+01 -0.95288542E-01  0.14815269E+00
  0.28000000E+01 -0.12008892E+00  0.60798979E+00
  0.28050000E+01 -0.31588218E+00  0.11724449E+00
  0.28100000E+01 -0.17294951E+00 -0.31635194E+00
  0.28150000E+01 -0.30241712E-01 -0.16663638E+00
  0.28200000E+01 -0.45064666E-02 -0.24053445E-01
  0.28250000E+01  0.15477913E-01  0.38092983E+00
  0.28300000E+01 -0.17536272E+00  0.67835857E+00
  0.28350000E+01 -0.35779539E+00  0.31759312E+00
  0.28400000E+01 -0.18090926E+00  0.22711674E+00
  0.28450000E+01 -0.44894874E+00  0.12998820E+01
  0.28500000E+01 -0.10388560E+01  0.60023983E+00
  0.28550000E+01 -0.10646738E+01 -0.42758067E+00
  0.28600000E+01 -0.10717283E+01 -0.12367900E+01
  0.28650000E+01 -0.14914467E+00 -0.22427556E+01
  0.28700000E+01  0.44423768E-01 -0.17283835E+01
  0.28750000E+01  0.11239542E+00 -0.20384925E+01
  0.28800000E+01  0.37449552E+00 -0.26597247E+01
  0.28850000E+01  0.81861498E+00 -0.29610796E+01
  0.28900000E+01  0.16957754E+01 -0.24989071E+01
  0.28950000E+01  0.20197534E+01 -0.15039215E+00
  0.29000000E+01  0.17012245E+01  0.13856440E+01
  0.29050000E+01  0.12507876E+01  0.21654422E+01
  0.29100000E+01  0.25132294E+00  0.15182527E+01
  0.29150000E+01  0.86200411E+00  0.14627294E+01
  0.29200000E+01  0.84130629E+00  0.18294775E+01
  0.29250000E+01  0.58835952E+00  0.21763684E+01
  0.29300000E+01  0.27231808E+00  0.23420749E+01
  0.29350000E+01  0.84043768E-02  0.22580617E+01
  0.29400000E+01 -0.22566142E+00  0.19590363E+01
  0.29450000E+01 -0.21970062E+00  0.16240361E+01
  0.29500000E+01 -0.68715992E+00  0.15777162E+01
  0.29550000E+01 -0.61432276E+00  0.63315862E+00
  0.29600000E+01 -0.29071862E+00  0.12829852E+01
  0.29650000E+01 -0.50673484E+00  0.12682640E+01
  0.29700000E+01 -0.53795447E+00  0.10060226E+01
  0.29750000E+01 -0.69543758E+00  0.92456089E+00
  0.29800000E+01 -0.70725705E+00  0.18560772E+00
  0.29850000E+01 -0.64108459E+00  0.19733364E+00
  0.29900000E+01 -0.63318517E+00  0.11581284E+00
  0.29950000E+01 -0.74673655E+00 -0.27679667E+00
  0.30000000E+01 -0.69506421E+00 -0.11552677E+01
  0.30050000E+01 -0.12469387E+00 -0.23101194E+01
  0.30100000E+01  0.45763047E+00 -0.73190763E+00
  0.30150000E+01  0.11754825E+00 -0.11548007E+00
  0.30200000E+01  0.20501614E+00 -0.26202556E+00
  0.30250000E+01  0.22825394E+00 -0.92731798E-01
  0.30300000E+01  0.15959709E+00  0.11745470E+01
  0.30350000E+01 -0.32302112E+00  0.14763073E+01
  0.30400000E+01 -0.28927869E+00  0.79187717E+00
  0.30450000E+01 -0.70889605E+00  0.13713792E+01
  0.30500000E+01 -0.86997730E+00  0.70813856E+00
  0.30550000E+01 -0.83997759E+00 -0.41539397E+00
  0.30600000E+01 -0.57253047E+00 -0.25127594E+00
  0.30650000E+01 -0.45926462E+00 -0.25551920E-01
  0.30700000E+01 -0.46431237E+00 -0.67793967E+00
  0.30750000E+01  0.60175431E-01 -0.98415227E+00
  0.30800000E+01  0.95127872E-01 -0.27774671E+00
  0.30850000E+01  0.22062273E+00  0.28024052E+00
  0.30900000E+01  0.11368623E+00  0.77362680E+00
  0.30950000E+01 -0.13273948E+00  0.30110067E+00
  0.31000000E+01  0.12769686E+00  0.42965990E+00
  0.31050000E+01 -0.11710287E+00  0.12262976E+01
  0.31100000E+01 -0.50056215E+00  0.72991076E+00
  0.31150000E+01 -0.37869643E+00  0.33192447E+00
  0.31200000E+01 -0.62809265E+00  0.29271768E-01
  0.31250000E+01 -0.36186110E+00 -0.65105484E+00
  0.31300000E+01 -0.24181634E+00 -0.16802304E+00
  0.31350000E+01 -0.40779101E+00 -0.10759357E+00
  0.31400000E+01 -0.67011096E+00 -0.52422293E+00
  0.31450000E+01 -0.13678896E+00 -0.13062499E+01
  0.31500000E+01  0.22748906E+00 -0.15511974E+01
  0.31550000E+01  0.31282726E+00 -0.15918920E+01
  0.31600000E+01  0.39340682E+00 -0.20987645E+01
  0.31650000E+01  0.71687019E+00 -0.14630751E+01
  0.31700000E+01  0.75163506E+00 -0.15294904E+01
  0.31750000E+01  0.11615869E+01 -0.10125484E+01
  0.31800000E+01  0.14633236E+01  0.35690007E+00
  0.31850000E+01  0.13005406E+01  0.14800675E+01
  0.31900000E+01  0.74542314E+00  0.25931315E+01
  0.31950000E+01 -0.21141532E+00  0.20733226E+01
  0.32000000E+01 -0.21768701E+00  0.77333171E+00
  0.32050000E+01  0.90294459E-01  0.29948654E+00
  0.32100000E+01  0.21913438E+00  0.23800491E-01
  0.32150000E+01  0.32249522E+00  0.35040206E+00
  0.32200000E+01  0.36290006E+00  0.57729047E+00
  0.32250000E+01  0.41217615E+00  0.66316291E+00
  0.32300000E+01  0.51174962E+00  0.11512429E+01
  0.32350000E+01  0.47017008E+00  0.20179611E+01
  0.32400000E+01  0.54301887E-01  0.27906927E+01
  0.32450000E+01 -0.35874021E+00  0.23429981E+01
  0.32500000E+01 -0.53407578E+00  0.18020421E+01
  0.32550000E+01 -0.98345326E-01  0.23440654E+01
  0.32600000E+01 -0.53472676E+00  0.27050990E+01
  0.32650000E+01 -0.81882317E+00  0.26281436E+01
  0.32700000E+01 -0.13051468E+01  0.30063026E+01
  0.32750000E+01 -0.10210355E+01  0.17874381E+01
  0.32800000E+01 -0.98915072E+00  0.18091288E+01
  0.32850000E+01 -0.11109822E+01  0.14213308E+01
  0.32900000E+01 -0.12902241E+01  0.12048457E+01
  0.32950000E+01 -0.11081561E+01  0.62535057E+00
  0.33000000E+01 -0.99574939E+00  0.72547563E+00
  0.33050000E+01 -0.88132000E+00  0.12284981E+01
  0.33100000E+01 -0.11618360E+01  0.17084749E+01
  0.33150000E+01 -0.14949028E+01  0.15889772E+01
  0.33200000E+01 -0.17584101E+01  0.95784491E+00
  0.33250000E+01 -0.16910280E+01 -0.13580819E+00
  0.33300000E+01 -0.13425808E+01 -0.35358858E+00
  0.33350000E+01 -0.11188331E+01 -0.34046212E+00
  0.33400000E+01 -0.10849181E+01  0.15982560E+00
  0.33450000E+01 -0.12570445E+01  0.35035513E+00
  0.33500000E+01 -0.12722968E+01 -0.39246793E+00
  0.33550000E+01 -0.15964531E+01 -0.17802531E+00
  0.33600000E+01 -0.15528190E+01 -0.12944833E+01
  0.33650000E+01 -0.97386750E+00 -0.17080234E+01
  0.33700000E+01 -0.84432687E+00 -0.14099042E+01
  0.33750000E+01 -0.91150762E+00 -0.16407113E+01
  0.33800000E+01 -0.70902047E+00 -0.23744119E+01
  0.33850000E+01 -0.34140358E+00 -0.26430546E+01
  0.33900000E+01  0.26095203E+00 -0.15906805E+01
  0.33950000E+01  0.45366243E-01 -0.30447682E+00
  0.34000000E+01 -0.40400679E+00 -0.68749548E+00
  0.34050000E+01 -0.31174841E+00 -0.89709893E+00
  0.34100000E+01 -0.28323598E+00 -0.94665161E-01
  0.34150000E+01 -0.61511716E+00 -0.89939513E+00
  0.34200000E+01 -0.61853467E+00 -0.11626322E+01
  0.34250000E+01 -0.59244071E+00 -0.14023596E+01
  0.34300000E+01 -0.43000445E+00 -0.16345835E+01
  0.34350000E+01 -0.44034268E+00 -0.18079710E+01
  0.34400000E+01 -0.23061729E+00 -0.24446127E+01
  0.34450000E+01  0.14539990E+00 -0.23640839E+01
  0.34500000E+01  0.59637730E+00 -0.12059262E+01
  0.34550000E+01  0.32861691E+00 -0.24253350E+00
  0.34600000E+01  0.19253035E+00  0.20560285E-01
  0.34650000E+01 -0.60068170E-01  0.44415757E+00
  0.34700000E+01 -0.28328955E+00 -0.38865392E+00
  0.34750000E+01  0.12240450E+00 -0.40436611E-01
  0.34800000E+01  0.16269711E+00  0.31854236E-01
  0.34850000E+01  0.44458166E+00  0.57188759E+00
  0.34900000E+01  0.32308157E-01  0.21814641E+01
  0.34950000E+01 -0.94492016E+00  0.14935663E+01
  0.35000000E+01 -0.82048520E+00  0.19970046E+00
