  0.15000000E+01  0.33515652E+04 -0.72208428E+03
  0.15050000E+01  0.33354326E+04 -0.72848071E+03
  0.15100000E+01  0.33334347E+04 -0.73310922E+03
  0.15150000E+01  0.33276676E+04 -0.72981073E+03
  0.15200000E+01  0.33073469E+04 -0.72848963E+03
  0.15250000E+01  0.32869805E+04 -0.73061981E+03
  0.15300000E+01  0.32764770E+04 -0.73316673E+03
  0.15350000E+01  0.32561011E+04 -0.73331643E+03
  0.15400000E+01  0.32390411E+04 -0.73836198E+03
  0.15450000E+01  0.32299108E+04 -0.74151735E+03
  0.15500000E+01  0.32120743E+04 -0.74132092E+03
  0.15550000E+01  0.31909253E+04 -0.74422443E+03
  0.15600000E+01  0.31684904E+04 -0.74807807E+03
  0.15650000E+01  0.31454185E+04 -0.75244159E+03
  0.15700000E+01  0.31177189E+04 -0.75695367E+03
  0.15750000E+01  0.30853556E+04 -0.76334146E+03
  0.15800000E+01  0.30505755E+04 -0.77216584E+03
  0.15850000E+01  0.30137871E+04 -0.78345720E+03
  0.15900000E+01  0.29785548E+04 -0.79825407E+03
  0.15950000E+01  0.29476542E+04 -0.81484447E+03
  0.16000000E+01  0.29215329E+04 -0.83186842E+03
  0.16050000E+01  0.28990313E+04 -0.84671344E+03
  0.16100000E+01  0.28657904E+04 -0.86101336E+03
  0.16150000E+01  0.28356597E+04 -0.88174308E+03
  0.16200000E+01  0.28122252E+04 -0.90499650E+03
  0.16250000E+01  0.27982397E+04 -0.92925099E+03
  0.16300000E+01  0.27926287E+04 -0.95257825E+03
  0.16350000E+01  0.27929952E+04 -0.97525895E+03
  0.16400000E+01  0.27954111E+04 -0.98963817E+03
  0.16450000E+01  0.28066874E+04 -0.10046056E+04
  0.16500000E+01  0.27965353E+04 -0.10081532E+04
  0.16550000E+01  0.27801131E+04 -0.10232898E+04
  0.16600000E+01  0.27697221E+04 -0.10405969E+04
  0.16650000E+01  0.27705334E+04 -0.10561399E+04
  0.16700000E+01  0.27651593E+04 -0.10663273E+04
  0.16750000E+01  0.27462937E+04 -0.10790047E+04
  0.16800000E+01  0.27266302E+04 -0.10957275E+04
  0.16850000E+01  0.27116954E+04 -0.11136019E+04
  0.16900000E+01  0.26967381E+04 -0.11319098E+04
  0.16950000E+01  0.26836324E+04 -0.11514266E+04
  0.17000000E+01  0.26744940E+04 -0.11702881E+04
  0.17050000E+01  0.26629615E+04 -0.11865847E+04
  0.17100000E+01  0.26436133E+04 -0.12040890E+04
  0.17150000E+01  0.26227572E+04 -0.12208317E+04
  0.17200000E+01  0.25898670E+04 -0.12458654E+04
  0.17250000E+01  0.25727794E+04 -0.12756691E+04
  0.17300000E+01  0.25640132E+04 -0.13042794E+04
  0.17350000E+01  0.25593330E+04 -0.13337194E+04
  0.17400000E+01  0.25629667E+04 -0.13622436E+04
  0.17450000E+01  0.25662502E+04 -0.13887758E+04
  0.17500000E+01  0.25739961E+04 -0.14126156E+04
  0.17550000E+01  0.25788276E+04 -0.14385202E+04
  0.17600000E+01  0.25853480E+04 -0.14630332E+04
  0.17650000E+01  0.25911371E+04 -0.14876027E+04
  0.17700000E+01  0.25983815E+04 -0.15127641E+04
  0.17750000E+01  0.26091242E+04 -0.15371867E+04
  0.17800000E+01  0.26202515E+04 -0.15619813E+04
  0.17850000E+01  0.26353243E+04 -0.15861323E+04
  0.17900000E+01  0.26522845E+04 -0.16091104E+04
  0.17950000E+01  0.26701583E+04 -0.16308292E+04
  0.18000000E+01  0.26878393E+04 -0.16509147E+04
  0.18050000E+01  0.27047520E+04 -0.16691439E+04
  0.18100000E+01  0.27148823E+04 -0.16854897E+04
  0.18150000E+01  0.27179725E+04 -0.17040070E+04
  0.18200000E+01  0.27223278E+04 -0.17250221E+04
  0.18250000E+01  0.27308401E+04 -0.17464121E+04
  0.18300000E+01  0.27408197E+04 -0.17675564E+04
  0.18350000E+01  0.27515229E+04 -0.17886902E+04
  0.18400000E+01  0.27653589E+04 -0.18094932E+04
  0.18450000E+01  0.27805467E+04 -0.18269273E+04
  0.18500000E+01  0.27859823E+04 -0.18448294E+04
  0.18550000E+01  0.27916419E+04 -0.18660294E+04
  0.18600000E+01  0.28007259E+04 -0.18879067E+04
  0.18650000E+01  0.28138030E+04 -0.19107356E+04
  0.18700000E+01  0.28317483E+04 -0.19286804E+04
  0.18750000E+01  0.28383510E+04 -0.19456273E+04
  0.18800000E+01  0.28422944E+04 -0.19661335E+04
  0.18850000E+01  0.28510348E+04 -0.19893363E+04
  0.18900000E+01  0.28611350E+04 -0.20126233E+04
  0.18950000E+01  0.28732081E+04 -0.20356160E+04
  0.19000000E+01  0.28868478E+04 -0.20579506E+04
  0.19050000E+01  0.28990863E+04 -0.20794545E+04
  0.19100000E+01  0.29099748E+04 -0.21018681E+04
  0.19150000E+01  0.29220890E+04 -0.21249399E+04
  0.19200000E+01  0.29355565E+04 -0.21485795E+04
  0.19250000E+01  0.29508997E+04 -0.21725106E+04
  0.19300000E+01  0.29685902E+04 -0.21965959E+04
  0.19350000E+01  0.29886150E+04 -0.22205928E+04
  0.19400000E+01  0.30115364E+04 -0.22439787E+04
  0.19450000E+01  0.30361485E+04 -0.22666604E+04
  0.19500000E+01  0.30630803E+04 -0.22891383E+04
  0.19550000E+01  0.30932461E+04 -0.23107345E+04
  0.19600000E+01  0.31289241E+04 -0.23302391E+04
  0.19650000E+01  0.31633744E+04 -0.23463756E+04
  0.19700000E+01  0.31949861E+04 -0.23610949E+04
  0.19750000E+01  0.32211534E+04 -0.23744113E+04
  0.19800000E+01  0.32456855E+04 -0.23900045E+04
  0.19850000E+01  0.32715301E+04 -0.24061158E+04
  0.19900000E+01  0.32985238E+04 -0.24223291E+04
  0.19950000E+01  0.33301485E+04 -0.24365422E+04
  0.20000000E+01  0.33562499E+04 -0.24522716E+04
  0.20050000E+01  0.33856530E+04 -0.24679175E+04
  0.20100000E+01  0.34185468E+04 -0.24833200E+04
  0.20150000E+01  0.34538009E+04 -0.24969755E+04
  0.20200000E+01  0.34920074E+04 -0.25101956E+04
  0.20250000E+01  0.35322025E+04 -0.25215220E+04
  0.20300000E+01  0.35729525E+04 -0.25311869E+04
  0.20350000E+01  0.36161367E+04 -0.25395041E+04
  0.20400000E+01  0.36635882E+04 -0.25450025E+04
  0.20450000E+01  0.37210647E+04 -0.25485950E+04
  0.20500000E+01  0.37922855E+04 -0.25423139E+04
  0.20550000E+01  0.38480909E+04 -0.25237381E+04
  0.20600000E+01  0.39155486E+04 -0.24982160E+04
  0.20650000E+01  0.39604272E+04 -0.24469036E+04
  0.20700000E+01  0.39175389E+04 -0.23986871E+04
  0.20750000E+01  0.38407759E+04 -0.23772903E+04
  0.20800000E+01  0.37823048E+04 -0.23750428E+04
  0.20850000E+01  0.37385521E+04 -0.23779848E+04
  0.20900000E+01  0.37021659E+04 -0.23841743E+04
  0.20950000E+01  0.36702020E+04 -0.23933088E+04
  0.21000000E+01  0.36421114E+04 -0.24047404E+04
  0.21050000E+01  0.36175042E+04 -0.24185082E+04
  0.21100000E+01  0.35946294E+04 -0.24343739E+04
  0.21150000E+01  0.35763082E+04 -0.24542021E+04
  0.21200000E+01  0.35680117E+04 -0.24763587E+04
  0.21250000E+01  0.35704112E+04 -0.24987809E+04
  0.21300000E+01  0.35854647E+04 -0.25176190E+04
  0.21350000E+01  0.35896552E+04 -0.25351463E+04
  0.21400000E+01  0.36027453E+04 -0.25511106E+04
  0.21450000E+01  0.36152702E+04 -0.25661865E+04
  0.21500000E+01  0.36207008E+04 -0.25795603E+04
  0.21550000E+01  0.36223814E+04 -0.25952488E+04
  0.21600000E+01  0.36253781E+04 -0.26130359E+04
  0.21650000E+01  0.36323647E+04 -0.26319696E+04
  0.21700000E+01  0.36415399E+04 -0.26509419E+04
  0.21750000E+01  0.36525666E+04 -0.26702587E+04
  0.21800000E+01  0.36667724E+04 -0.26898647E+04
  0.21850000E+01  0.36846976E+04 -0.27087704E+04
  0.21900000E+01  0.37051321E+04 -0.27264248E+04
  0.21950000E+01  0.37265053E+04 -0.27415638E+04
  0.22000000E+01  0.37466813E+04 -0.27557514E+04
  0.22050000E+01  0.37638859E+04 -0.27660935E+04
  0.22100000E+01  0.37701441E+04 -0.27768503E+04
  0.22150000E+01  0.37703692E+04 -0.27920830E+04
  0.22200000E+01  0.37744113E+04 -0.28106158E+04
  0.22250000E+01  0.37850739E+04 -0.28302393E+04
  0.22300000E+01  0.37999115E+04 -0.28485700E+04
  0.22350000E+01  0.38130607E+04 -0.28659625E+04
  0.22400000E+01  0.38259383E+04 -0.28852721E+04
  0.22450000E+01  0.38441195E+04 -0.29058135E+04
  0.22500000E+01  0.38676025E+04 -0.29234816E+04
  0.22550000E+01  0.38847298E+04 -0.29396128E+04
  0.22600000E+01  0.39104263E+04 -0.29539905E+04
  0.22650000E+01  0.39172454E+04 -0.29670664E+04
  0.22700000E+01  0.39245884E+04 -0.29888952E+04
  0.22750000E+01  0.39455814E+04 -0.30148961E+04
  0.22800000E+01  0.39795001E+04 -0.30398178E+04
  0.22850000E+01  0.40204610E+04 -0.30617781E+04
  0.22900000E+01  0.40633260E+04 -0.30809282E+04
  0.22950000E+01  0.41093763E+04 -0.30989295E+04
  0.23000000E+01  0.41583982E+04 -0.31134621E+04
  0.23050000E+01  0.42028848E+04 -0.31238203E+04
  0.23100000E+01  0.42431619E+04 -0.31366590E+04
  0.23150000E+01  0.42929685E+04 -0.31450465E+04
  0.23200000E+01  0.43344596E+04 -0.31466647E+04
  0.23250000E+01  0.43595898E+04 -0.31520023E+04
  0.23300000E+01  0.43821503E+04 -0.31626508E+04
  0.23350000E+01  0.44118056E+04 -0.31742503E+04
  0.23400000E+01  0.44509916E+04 -0.31848038E+04
  0.23450000E+01  0.44818081E+04 -0.31937641E+04
  0.23500000E+01  0.45200033E+04 -0.32016258E+04
  0.23550000E+01  0.45512823E+04 -0.32105460E+04
  0.23600000E+01  0.45861922E+04 -0.32174601E+04
  0.23650000E+01  0.46210265E+04 -0.32256367E+04
  0.23700000E+01  0.46618350E+04 -0.32338456E+04
  0.23750000E+01  0.47041554E+04 -0.32343573E+04
  0.23800000E+01  0.47236446E+04 -0.32350069E+04
  0.23850000E+01  0.47383205E+04 -0.32429711E+04
  0.23900000E+01  0.47611934E+04 -0.32540618E+04
  0.23950000E+01  0.47865987E+04 -0.32653089E+04
  0.24000000E+01  0.48120738E+04 -0.32786035E+04
  0.24050000E+01  0.48426831E+04 -0.32940989E+04
  0.24100000E+01  0.48814983E+04 -0.33105676E+04
  0.24150000E+01  0.49279455E+04 -0.33250936E+04
  0.24200000E+01  0.49771579E+04 -0.33395708E+04
  0.24250000E+01  0.50337657E+04 -0.33536101E+04
  0.24300000E+01  0.50991085E+04 -0.33656448E+04
  0.24350000E+01  0.51677715E+04 -0.33741901E+04
  0.24400000E+01  0.52355242E+04 -0.33786622E+04
  0.24450000E+01  0.53075504E+04 -0.33832239E+04
  0.24500000E+01  0.53895735E+04 -0.33868671E+04
  0.24550000E+01  0.54898069E+04 -0.33868314E+04
  0.24600000E+01  0.55760891E+04 -0.33613973E+04
  0.24650000E+01  0.56632734E+04 -0.33469796E+04
  0.24700000E+01  0.57550034E+04 -0.33150248E+04
  0.24750000E+01  0.58044361E+04 -0.32809290E+04
  0.24800000E+01  0.58448110E+04 -0.32483306E+04
  0.24850000E+01  0.58586263E+04 -0.32226238E+04
  0.24900000E+01  0.58884273E+04 -0.32073989E+04
  0.24950000E+01  0.59278604E+04 -0.31905641E+04
  0.25000000E+01  0.59720264E+04 -0.31726680E+04
  0.25050000E+01  0.60158921E+04 -0.31519336E+04
  0.25100000E+01  0.60583268E+04 -0.31279066E+04
  0.25150000E+01  0.60931881E+04 -0.31009325E+04
  0.25200000E+01  0.61193085E+04 -0.30723930E+04
  0.25250000E+01  0.61346802E+04 -0.30451145E+04
  0.25300000E+01  0.61508441E+04 -0.30186012E+04
  0.25350000E+01  0.61566440E+04 -0.29918217E+04
  0.25400000E+01  0.61628457E+04 -0.29685805E+04
  0.25450000E+01  0.61690629E+04 -0.29428065E+04
  0.25500000E+01  0.61642966E+04 -0.29162784E+04
  0.25550000E+01  0.61482349E+04 -0.28944814E+04
  0.25600000E+01  0.61337423E+04 -0.28784427E+04
  0.25650000E+01  0.61265311E+04 -0.28641961E+04
  0.25700000E+01  0.61167869E+04 -0.28482889E+04
  0.25750000E+01  0.61027461E+04 -0.28351699E+04
  0.25800000E+01  0.60887557E+04 -0.28220851E+04
  0.25850000E+01  0.60660202E+04 -0.28115137E+04
  0.25900000E+01  0.60439310E+04 -0.28052740E+04
  0.25950000E+01  0.60224404E+04 -0.28016929E+04
  0.26000000E+01  0.59999523E+04 -0.27995572E+04
  0.26050000E+01  0.59729855E+04 -0.28025459E+04
  0.26100000E+01  0.59543675E+04 -0.28102804E+04
  0.26150000E+01  0.59412172E+04 -0.28191574E+04
  0.26200000E+01  0.59334621E+04 -0.28306615E+04
  0.26250000E+01  0.59329093E+04 -0.28434969E+04
  0.26300000E+01  0.59403356E+04 -0.28564503E+04
  0.26350000E+01  0.59529616E+04 -0.28694220E+04
  0.26400000E+01  0.59708982E+04 -0.28800004E+04
  0.26450000E+01  0.59891109E+04 -0.28903058E+04
  0.26500000E+01  0.60098063E+04 -0.29011062E+04
  0.26550000E+01  0.60361588E+04 -0.29107032E+04
  0.26600000E+01  0.60634771E+04 -0.29178712E+04
  0.26650000E+01  0.60878488E+04 -0.29245020E+04
  0.26700000E+01  0.61106854E+04 -0.29308786E+04
  0.26750000E+01  0.61316410E+04 -0.29384522E+04
  0.26800000E+01  0.61542306E+04 -0.29463140E+04
  0.26850000E+01  0.61767905E+04 -0.29544782E+04
  0.26900000E+01  0.62002148E+04 -0.29630847E+04
  0.26950000E+01  0.62243281E+04 -0.29724429E+04
  0.27000000E+01  0.62509231E+04 -0.29821649E+04
  0.27050000E+01  0.62782851E+04 -0.29926244E+04
  0.27100000E+01  0.63104343E+04 -0.30038525E+04
  0.27150000E+01  0.63470943E+04 -0.30143380E+04
  0.27200000E+01  0.63834447E+04 -0.30229213E+04
  0.27250000E+01  0.64217086E+04 -0.30325630E+04
  0.27300000E+01  0.64641380E+04 -0.30420575E+04
  0.27350000E+01  0.65095556E+04 -0.30498357E+04
  0.27400000E+01  0.65563267E+04 -0.30577419E+04
  0.27450000E+01  0.66071886E+04 -0.30651545E+04
  0.27500000E+01  0.66633320E+04 -0.30716176E+04
  0.27550000E+01  0.67214675E+04 -0.30750273E+04
  0.27600000E+01  0.67793097E+04 -0.30792920E+04
  0.27650000E+01  0.68452137E+04 -0.30839844E+04
  0.27700000E+01  0.69254085E+04 -0.30862406E+04
  0.27750000E+01  0.70022366E+04 -0.30784776E+04
  0.27800000E+01  0.70845082E+04 -0.30757004E+04
  0.27850000E+01  0.71910716E+04 -0.30631194E+04
  0.27900000E+01  0.72787531E+04 -0.30350418E+04
  0.27950000E+01  0.73427285E+04 -0.30077135E+04
  0.28000000E+01  0.74030055E+04 -0.29819641E+04
  0.28050000E+01  0.74556726E+04 -0.29563128E+04
  0.28100000E+01  0.75025259E+04 -0.29322698E+04
  0.28150000E+01  0.75497037E+04 -0.29118510E+04
  0.28200000E+01  0.76033687E+04 -0.28927651E+04
  0.28250000E+01  0.76670462E+04 -0.28730091E+04
  0.28300000E+01  0.77505778E+04 -0.28453638E+04
  0.28350000E+01  0.78082133E+04 -0.28001699E+04
  0.28400000E+01  0.78338797E+04 -0.27592737E+04
  0.28450000E+01  0.78577885E+04 -0.27180013E+04
  0.28500000E+01  0.78585436E+04 -0.26884538E+04
  0.28550000E+01  0.78853962E+04 -0.26668573E+04
  0.28600000E+01  0.79273871E+04 -0.26374359E+04
  0.28650000E+01  0.79573583E+04 -0.26007316E+04
  0.28700000E+01  0.79749214E+04 -0.25662182E+04
  0.28750000E+01  0.79849419E+04 -0.25328561E+04
  0.28800000E+01  0.79945691E+04 -0.25024045E+04
  0.28850000E+01  0.79988280E+04 -0.24706227E+04
  0.28900000E+01  0.79966308E+04 -0.24407798E+04
  0.28950000E+01  0.79877808E+04 -0.24150339E+04
  0.29000000E+01  0.79824314E+04 -0.23926028E+04
  0.29050000E+01  0.79731193E+04 -0.23715479E+04
  0.29100000E+01  0.79621420E+04 -0.23545389E+04
  0.29150000E+01  0.79578274E+04 -0.23405744E+04
  0.29200000E+01  0.79580920E+04 -0.23290005E+04
  0.29250000E+01  0.79654075E+04 -0.23159364E+04
  0.29300000E+01  0.79714702E+04 -0.23039111E+04
  0.29350000E+01  0.79807475E+04 -0.22934578E+04
  0.29400000E+01  0.79956593E+04 -0.22839397E+04
  0.29450000E+01  0.80179495E+04 -0.22744630E+04
  0.29500000E+01  0.80476727E+04 -0.22633510E+04
  0.29550000E+01  0.80828786E+04 -0.22490181E+04
  0.29600000E+01  0.81174265E+04 -0.22302851E+04
  0.29650000E+01  0.81435050E+04 -0.22050985E+04
  0.29700000E+01  0.81515568E+04 -0.21827591E+04
  0.29750000E+01  0.81624069E+04 -0.21639180E+04
  0.29800000E+01  0.81635135E+04 -0.21416939E+04
  0.29850000E+01  0.81733385E+04 -0.21291668E+04
  0.29900000E+01  0.81850012E+04 -0.21123567E+04
  0.29950000E+01  0.81938550E+04 -0.20958341E+04
  0.30000000E+01  0.81961677E+04 -0.20811406E+04
  0.30050000E+01  0.82022611E+04 -0.20712973E+04
  0.30100000E+01  0.82142088E+04 -0.20624693E+04
  0.30150000E+01  0.82311460E+04 -0.20534415E+04
  0.30200000E+01  0.82546020E+04 -0.20433124E+04
  0.30250000E+01  0.82768831E+04 -0.20306453E+04
  0.30300000E+01  0.82993853E+04 -0.20163452E+04
  0.30350000E+01  0.83203399E+04 -0.20031289E+04
  0.30400000E+01  0.83443090E+04 -0.19877375E+04
  0.30450000E+01  0.83616089E+04 -0.19709765E+04
  0.30500000E+01  0.83856777E+04 -0.19612494E+04
  0.30550000E+01  0.84288284E+04 -0.19486219E+04
  0.30600000E+01  0.84739521E+04 -0.19261118E+04
  0.30650000E+01  0.85120847E+04 -0.18998576E+04
  0.30700000E+01  0.85393532E+04 -0.18705914E+04
  0.30750000E+01  0.85605199E+04 -0.18408012E+04
  0.30800000E+01  0.85781396E+04 -0.18127412E+04
  0.30850000E+01  0.85952695E+04 -0.17809119E+04
  0.30900000E+01  0.86046231E+04 -0.17528395E+04
  0.30950000E+01  0.86267631E+04 -0.17227121E+04
  0.31000000E+01  0.86408509E+04 -0.16868928E+04
  0.31050000E+01  0.86347752E+04 -0.16504954E+04
  0.31100000E+01  0.86155579E+04 -0.16173069E+04
  0.31150000E+01  0.85868900E+04 -0.15888236E+04
  0.31200000E+01  0.85529296E+04 -0.15687976E+04
  0.31250000E+01  0.85242915E+04 -0.15542668E+04
  0.31300000E+01  0.84979170E+04 -0.15457460E+04
  0.31350000E+01  0.84903321E+04 -0.15411077E+04
  0.31400000E+01  0.84897179E+04 -0.15340631E+04
  0.31450000E+01  0.84892956E+04 -0.15255747E+04
  0.31500000E+01  0.84892205E+04 -0.15195230E+04
  0.31550000E+01  0.84988548E+04 -0.15159498E+04
  0.31600000E+01  0.85175308E+04 -0.15131262E+04
  0.31650000E+01  0.85494866E+04 -0.15074090E+04
  0.31700000E+01  0.85907483E+04 -0.14968462E+04
  0.31750000E+01  0.86331163E+04 -0.14800480E+04
  0.31800000E+01  0.86773253E+04 -0.14636202E+04
  0.31850000E+01  0.87289521E+04 -0.14410597E+04
  0.31900000E+01  0.87837318E+04 -0.14142262E+04
  0.31950000E+01  0.88346541E+04 -0.13795088E+04
  0.32000000E+01  0.88750519E+04 -0.13418888E+04
  0.32050000E+01  0.89035494E+04 -0.12926664E+04
  0.32100000E+01  0.88843697E+04 -0.12521374E+04
  0.32150000E+01  0.88747575E+04 -0.12210081E+04
  0.32200000E+01  0.88611226E+04 -0.11920135E+04
  0.32250000E+01  0.88436713E+04 -0.11713297E+04
  0.32300000E+01  0.88393524E+04 -0.11562107E+04
  0.32350000E+01  0.88459031E+04 -0.11431180E+04
  0.32400000E+01  0.88723211E+04 -0.11283733E+04
  0.32450000E+01  0.88897275E+04 -0.10999327E+04
  0.32500000E+01  0.88921172E+04 -0.10838246E+04
  0.32550000E+01  0.89035849E+04 -0.10708339E+04
  0.32600000E+01  0.89247615E+04 -0.10623213E+04
  0.32650000E+01  0.89624503E+04 -0.10531489E+04
  0.32700000E+01  0.90142765E+04 -0.10382455E+04
  0.32750000E+01  0.90619382E+04 -0.10228886E+04
  0.32800000E+01  0.91345547E+04 -0.10101108E+04
  0.32850000E+01  0.92131143E+04 -0.98575823E+03
  0.32900000E+01  0.93184441E+04 -0.95785211E+03
  0.32950000E+01  0.94214470E+04 -0.90341261E+03
  0.33000000E+01  0.94948597E+04 -0.84380595E+03
  0.33050000E+01  0.95569515E+04 -0.77810587E+03
  0.33100000E+01  0.95781524E+04 -0.70349756E+03
  0.33150000E+01  0.95542216E+04 -0.64788008E+03
  0.33200000E+01  0.95492803E+04 -0.60649341E+03
  0.33250000E+01  0.95612153E+04 -0.56936528E+03
  0.33300000E+01  0.95862096E+04 -0.52951436E+03
  0.33350000E+01  0.96136168E+04 -0.48644645E+03
  0.33400000E+01  0.96389669E+04 -0.44063779E+03
  0.33450000E+01  0.96659411E+04 -0.39029140E+03
  0.33500000E+01  0.96570423E+04 -0.32996525E+03
  0.33550000E+01  0.96456899E+04 -0.29050651E+03
  0.33600000E+01  0.96545079E+04 -0.25556727E+03
  0.33650000E+01  0.96865721E+04 -0.21818184E+03
  0.33700000E+01  0.97296132E+04 -0.17205708E+03
  0.33750000E+01  0.97721208E+04 -0.11849928E+03
  0.33800000E+01  0.98203758E+04 -0.58229745E+02
  0.33850000E+01  0.98761310E+04  0.20230188E+02
  0.33900000E+01  0.98514820E+04  0.11016495E+03
  0.33950000E+01  0.98177806E+04  0.18153951E+03
  0.34000000E+01  0.97813277E+04  0.25045861E+03
  0.34050000E+01  0.97328640E+04  0.31718481E+03
  0.34100000E+01  0.96887001E+04  0.38142663E+03
  0.34150000E+01  0.96398437E+04  0.45338826E+03
  0.34200000E+01  0.95450482E+04  0.53102586E+03
  0.34250000E+01  0.94062404E+04  0.59537704E+03
  0.34300000E+01  0.92552425E+04  0.64014941E+03
  0.34350000E+01  0.91035781E+04  0.66827693E+03
  0.34400000E+01  0.89626864E+04  0.68384215E+03
  0.34450000E+01  0.88287377E+04  0.68879816E+03
  0.34500000E+01  0.87062486E+04  0.68472438E+03
  0.34550000E+01  0.85974956E+04  0.67118182E+03
  0.34600000E+01  0.85101524E+04  0.65272581E+03
  0.34650000E+01  0.84378314E+04  0.62956026E+03
  0.34700000E+01  0.83875354E+04  0.60353703E+03
  0.34750000E+01  0.83552487E+04  0.57852323E+03
  0.34800000E+01  0.83379790E+04  0.55348165E+03
  0.34850000E+01  0.83326788E+04  0.53113530E+03
  0.34900000E+01  0.83397439E+04  0.50977556E+03
  0.34950000E+01  0.83627330E+04  0.48901024E+03
  0.35000000E+01  0.84023166E+04  0.47439538E+03
