  0.15000000E+01  0.63316183E+01  0.72772613E+00
  0.15050000E+01  0.66562506E+01  0.41427194E+01
  0.15100000E+01  0.54293546E+01  0.71395167E+01
  0.15150000E+01  0.40441561E+01  0.70727767E+01
  0.15200000E+01  0.35376104E+01  0.67200381E+01
  0.15250000E+01  0.28364657E+01  0.72878157E+01
  0.15300000E+01  0.20914855E+01  0.66720004E+01
  0.15350000E+01  0.19036717E+01  0.61651801E+01
  0.15400000E+01  0.16035937E+01  0.61218092E+01
  0.15450000E+01  0.14013045E+01  0.62382556E+01
  0.15500000E+01  0.10469467E+01  0.63417654E+01
  0.15550000E+01  0.68901494E+00  0.62832688E+01
  0.15600000E+01  0.50125268E+00  0.59566414E+01
  0.15650000E+01  0.38421452E+00  0.61154988E+01
  0.15700000E+01  0.13305643E+00  0.63183156E+01
  0.15750000E+01 -0.19923783E+00  0.63274133E+01
  0.15800000E+01 -0.61150568E+00  0.61468471E+01
  0.15850000E+01 -0.76345331E+00  0.56834996E+01
  0.15900000E+01 -0.91234142E+00  0.57048160E+01
  0.15950000E+01 -0.12270781E+01  0.58857302E+01
  0.16000000E+01 -0.17164358E+01  0.52897494E+01
  0.16050000E+01 -0.17597484E+01  0.42362263E+01
  0.16100000E+01 -0.12066423E+01  0.41870073E+01
  0.16150000E+01 -0.52610919E+00  0.56678201E+01
  0.16200000E+01 -0.38295438E+01  0.21215473E+02
  0.16250000E+01 -0.72384085E+01  0.94596491E+01
  0.16300000E+01 -0.99493942E+01  0.40240527E+01
  0.16350000E+01 -0.97413316E+01 -0.98407623E+01
  0.16400000E+01 -0.33587585E+01 -0.12063050E+02
  0.16450000E+01 -0.11747219E+01 -0.85897372E+01
  0.16500000E+01  0.75278882E-01 -0.62119510E+01
  0.16550000E+01 -0.88687140E+00 -0.41892930E+01
  0.16600000E+01  0.26858298E+00 -0.37973491E+01
  0.16650000E+01  0.65836855E+00 -0.28359062E+01
  0.16700000E+01  0.11270856E+01 -0.26803321E+01
  0.16750000E+01  0.19394448E+01 -0.99992508E+00
  0.16800000E+01  0.20632603E+01  0.10838497E+01
  0.16850000E+01  0.18120253E+01  0.28172173E+01
  0.16900000E+01  0.17067877E+01  0.38308907E+01
  0.16950000E+01  0.15347268E+01  0.55723788E+01
  0.17000000E+01  0.10274244E+01  0.69519629E+01
  0.17050000E+01 -0.13349994E+00  0.84159248E+01
  0.17100000E+01 -0.17382076E+01  0.74759418E+01
  0.17150000E+01 -0.16221939E+01  0.40161509E+01
  0.17200000E+01 -0.16548955E+01  0.45101465E+01
  0.17250000E+01 -0.20565069E+01  0.37516414E+01
  0.17300000E+01 -0.20990631E+01  0.30811041E+01
  0.17350000E+01 -0.16691972E+01  0.27487481E+01
  0.17400000E+01 -0.17689107E+01  0.31784567E+01
  0.17450000E+01 -0.22791892E+01  0.31744475E+01
  0.17500000E+01 -0.22362280E+01  0.26013203E+01
  0.17550000E+01 -0.22631457E+01  0.24626162E+01
  0.17600000E+01 -0.23100565E+01  0.21276395E+01
  0.17650000E+01 -0.22244997E+01  0.16133483E+01
  0.17700000E+01 -0.19752868E+01  0.16365532E+01
  0.17750000E+01 -0.19204060E+01  0.19860421E+01
  0.17800000E+01 -0.19114446E+01  0.21592406E+01
  0.17850000E+01 -0.20665662E+01  0.25626545E+01
  0.17900000E+01 -0.25242247E+01  0.25634737E+01
  0.17950000E+01 -0.27611552E+01  0.20129029E+01
  0.18000000E+01 -0.26330792E+01  0.10153618E+01
  0.18050000E+01 -0.25282958E+01  0.13309040E+01
  0.18100000E+01 -0.24023282E+01  0.92005623E+00
  0.18150000E+01 -0.21711545E+01  0.15658057E+01
  0.18200000E+01 -0.23531879E+01  0.21814139E+01
  0.18250000E+01 -0.26156157E+01  0.25141500E+01
  0.18300000E+01 -0.28571353E+01  0.24161352E+01
  0.18350000E+01 -0.30274557E+01  0.22044609E+01
  0.18400000E+01 -0.28915511E+01  0.24566643E+01
  0.18450000E+01 -0.34769170E+01  0.24915916E+01
  0.18500000E+01 -0.32457935E+01  0.26089833E+01
  0.18550000E+01 -0.35223555E+01  0.27504668E+01
  0.18600000E+01 -0.38863639E+01  0.31502857E+01
  0.18650000E+01 -0.43974019E+01  0.24730861E+01
  0.18700000E+01 -0.46422363E+01  0.16614842E+01
  0.18750000E+01 -0.45104287E+01  0.85412396E+00
  0.18800000E+01 -0.45343226E+01  0.33020563E+00
  0.18850000E+01 -0.43899017E+01  0.40335480E-01
  0.18900000E+01 -0.45738792E+01  0.16976099E+01
  0.18950000E+01 -0.60062826E+01 -0.21776244E+00
  0.19000000E+01 -0.57492743E+01 -0.16447143E+01
  0.19050000E+01 -0.58704497E+01 -0.26229820E+01
  0.19100000E+01 -0.58207049E+01 -0.41699835E+01
  0.19150000E+01 -0.55672865E+01 -0.55072677E+01
  0.19200000E+01 -0.51786290E+01 -0.66087556E+01
  0.19250000E+01 -0.48436494E+01 -0.74375562E+01
  0.19300000E+01 -0.45697784E+01 -0.84514222E+01
  0.19350000E+01 -0.39950382E+01 -0.96882234E+01
  0.19400000E+01 -0.33910498E+01 -0.10294953E+02
  0.19450000E+01 -0.29545431E+01 -0.11358524E+02
  0.19500000E+01 -0.24620967E+01 -0.12602761E+02
  0.19550000E+01 -0.14305363E+01 -0.17240208E+02
  0.19600000E+01  0.28864198E+01 -0.12345060E+02
  0.19650000E+01  0.99008007E+00 -0.59604476E+01
  0.19700000E+01  0.57361802E+00 -0.70338982E+01
  0.19750000E+01  0.57062097E+00 -0.73172846E+01
  0.19800000E+01  0.79518550E+00 -0.74936455E+01
  0.19850000E+01  0.35725414E+00 -0.72783880E+01
  0.19900000E+01  0.57420751E+00 -0.83386436E+01
  0.19950000E+01  0.16315926E+01 -0.89076303E+01
  0.20000000E+01  0.20578414E+01 -0.76113037E+01
  0.20050000E+01  0.22412176E+01 -0.68316842E+01
  0.20100000E+01  0.22691914E+01 -0.64165604E+01
  0.20150000E+01  0.23084369E+01 -0.62335232E+01
  0.20200000E+01  0.23737423E+01 -0.61585196E+01
  0.20250000E+01  0.24775576E+01 -0.62002433E+01
  0.20300000E+01  0.26612184E+01 -0.64533236E+01
  0.20350000E+01  0.30766828E+01 -0.63713906E+01
  0.20400000E+01  0.32757527E+01 -0.60721411E+01
  0.20450000E+01  0.34356177E+01 -0.61718424E+01
  0.20500000E+01  0.36797676E+01 -0.67292226E+01
  0.20550000E+01  0.41563742E+01 -0.74968162E+01
  0.20600000E+01  0.71129204E+01 -0.93710743E+01
  0.20650000E+01  0.83105863E+01 -0.39337872E+01
  0.20700000E+01  0.89080512E+01  0.24184596E+01
  0.20750000E+01  0.54944930E+01  0.81718345E+01
  0.20800000E+01  0.46636136E+01  0.68956072E+01
  0.20850000E+01  0.41036338E+01  0.70896819E+01
  0.20900000E+01  0.31877438E+01  0.77480816E+01
  0.20950000E+01  0.18612716E+01  0.78379772E+01
  0.21000000E+01  0.72669967E+00  0.64156063E+01
  0.21050000E+01  0.90483584E-01  0.45210154E+01
  0.21100000E+01 -0.12564663E+00  0.26278068E+01
  0.21150000E+01  0.42159894E-01  0.12534648E+01
  0.21200000E+01  0.16535699E+00  0.51254036E+00
  0.21250000E+01  0.37061225E+00 -0.42535299E-01
  0.21300000E+01  0.56359865E+00 -0.94347062E-01
  0.21350000E+01  0.61713212E+00  0.24561777E+00
  0.21400000E+01  0.50083154E+00  0.33050411E+00
  0.21450000E+01  0.26116487E+00  0.44849281E+00
  0.21500000E+01  0.97391307E-01 -0.82060062E-01
  0.21550000E+01  0.61074885E-01 -0.37925488E+00
  0.21600000E+01 -0.55271849E-02 -0.84679355E+00
  0.21650000E+01  0.68535107E-01 -0.15565052E+01
  0.21700000E+01  0.41149113E+00 -0.20960023E+01
  0.21750000E+01  0.77083667E+00 -0.16773562E+01
  0.21800000E+01  0.89156548E+00 -0.11006610E+01
  0.21850000E+01  0.77650765E+00 -0.21928015E+00
  0.21900000E+01  0.23590400E+00  0.27933386E-01
  0.21950000E+01  0.11208037E+00 -0.66778680E+00
  0.22000000E+01  0.76210217E+00 -0.16045845E+00
  0.22050000E+01  0.44248010E+00  0.13344182E+00
  0.22100000E+01 -0.44328361E+00  0.66674390E+00
  0.22150000E+01 -0.82833221E+00 -0.11785546E+01
  0.22200000E+01 -0.89199715E+00 -0.19537085E+01
  0.22250000E+01 -0.90183633E+00 -0.26561105E+01
  0.22300000E+01 -0.91380916E+00 -0.34449433E+01
  0.22350000E+01 -0.70211660E+00 -0.44531323E+01
  0.22400000E+01 -0.52477244E+00 -0.47062808E+01
  0.22450000E+01 -0.55717917E+00 -0.54615788E+01
  0.22500000E+01 -0.22710046E+00 -0.65826655E+01
  0.22550000E+01 -0.16836431E+00 -0.74075523E+01
  0.22600000E+01  0.38449254E+00 -0.98215624E+01
  0.22650000E+01  0.16029552E+01 -0.11398469E+02
  0.22700000E+01  0.35344308E+01 -0.96016333E+01
  0.22750000E+01  0.39363843E+01 -0.77474323E+01
  0.22800000E+01  0.39062966E+01 -0.65712052E+01
  0.22850000E+01  0.39121061E+01 -0.58938135E+01
  0.22900000E+01  0.34530724E+01 -0.57724143E+01
  0.22950000E+01  0.34516596E+01 -0.77340046E+01
  0.23000000E+01  0.41210124E+01 -0.10196942E+02
  0.23050000E+01  0.57386166E+01 -0.11814906E+02
  0.23100000E+01  0.80933718E+01 -0.96964796E+01
  0.23150000E+01  0.91177264E+01 -0.32773333E+01
  0.23200000E+01  0.75935767E+01  0.12389461E+01
  0.23250000E+01  0.62448758E+01  0.14058845E+01
  0.23300000E+01  0.55873047E+01  0.28421235E+00
  0.23350000E+01  0.54867042E+01 -0.70702479E+00
  0.23400000E+01  0.57177901E+01 -0.63450416E+00
  0.23450000E+01  0.59037338E+01 -0.10618435E+00
  0.23500000E+01  0.60438860E+01  0.86856653E+00
  0.23550000E+01  0.59831861E+01  0.20531081E+01
  0.23600000E+01  0.58495772E+01  0.32807159E+01
  0.23650000E+01  0.55311668E+01  0.44309750E+01
  0.23700000E+01  0.50930731E+01  0.53253107E+01
  0.23750000E+01  0.43875551E+01  0.60013081E+01
  0.23800000E+01  0.36130118E+01  0.54141954E+01
  0.23850000E+01  0.29517522E+01  0.44049782E+01
  0.23900000E+01  0.28576215E+01  0.28344388E+01
  0.23950000E+01  0.28097912E+01  0.12796940E+01
  0.24000000E+01  0.33677346E+01  0.67880532E+00
  0.24050000E+01  0.31291912E+01  0.87622947E+00
  0.24100000E+01  0.35031406E+01  0.98646099E+00
  0.24150000E+01  0.34220607E+01  0.58964941E+00
  0.24200000E+01  0.34031580E+01  0.43476236E+00
  0.24250000E+01  0.32456538E+01  0.29869792E+00
  0.24300000E+01  0.29386950E+01 -0.10597520E+01
  0.24350000E+01  0.35152422E+01 -0.59363106E+01
  0.24400000E+01  0.62796544E+01 -0.34311326E+01
  0.24450000E+01  0.64847091E+01  0.20312400E+01
  0.24500000E+01  0.57833959E+01  0.17013013E+01
  0.24550000E+01  0.54966443E+01  0.30375529E+01
  0.24600000E+01  0.50527386E+01  0.32990362E+01
  0.24650000E+01  0.52302648E+01  0.23931122E+01
  0.24700000E+01  0.57850898E+01  0.35612914E+01
  0.24750000E+01  0.51284967E+01  0.52777758E+01
  0.24800000E+01  0.52891530E+01  0.61122043E+01
  0.24850000E+01  0.45357527E+01  0.72351149E+01
  0.24900000E+01  0.35339900E+01  0.69210631E+01
  0.24950000E+01  0.31128001E+01  0.51599410E+01
  0.25000000E+01  0.31740127E+01  0.39708698E+01
  0.25050000E+01  0.35328523E+01  0.42543606E+01
  0.25100000E+01  0.32708781E+01  0.47548506E+01
  0.25150000E+01  0.27964891E+01  0.43527650E+01
  0.25200000E+01  0.26535460E+01  0.39344305E+01
  0.25250000E+01  0.22178775E+01  0.24981440E+01
  0.25300000E+01  0.26120958E+01  0.74999438E+00
  0.25350000E+01  0.36776953E+01  0.25130783E+01
  0.25400000E+01  0.30534834E+01  0.35905401E+01
  0.25450000E+01  0.30479045E+01  0.30509640E+01
  0.25500000E+01  0.30332234E+01  0.30020537E+01
  0.25550000E+01  0.31309123E+01  0.29626375E+01
  0.25600000E+01  0.34355233E+01  0.39967657E+01
  0.25650000E+01  0.27647767E+01  0.42801282E+01
  0.25700000E+01  0.24414210E+01  0.36045335E+01
  0.25750000E+01  0.24706330E+01  0.23476763E+01
  0.25800000E+01  0.26786352E+01  0.20839768E+01
  0.25850000E+01  0.31913634E+01  0.21461407E+01
  0.25900000E+01  0.34200104E+01  0.29799773E+01
  0.25950000E+01  0.33927133E+01  0.36448188E+01
  0.26000000E+01  0.34590793E+01  0.38541605E+01
  0.26050000E+01  0.36708812E+01  0.48503156E+01
  0.26100000E+01  0.35534618E+01  0.57959994E+01
  0.26150000E+01  0.33133166E+01  0.65409784E+01
  0.26200000E+01  0.30856046E+01  0.69312258E+01
  0.26250000E+01  0.29522962E+01  0.71139836E+01
  0.26300000E+01  0.28096396E+01  0.78780313E+01
  0.26350000E+01  0.25785660E+01  0.87246157E+01
  0.26400000E+01  0.20039083E+01  0.97248271E+01
  0.26450000E+01  0.13569019E+01  0.95206337E+01
  0.26500000E+01  0.69645787E+00  0.93240442E+01
  0.26550000E+01  0.23483779E+00  0.84071195E+01
  0.26600000E+01 -0.10510704E+00  0.73177033E+01
  0.26650000E+01 -0.44398079E-01  0.65945164E+01
  0.26700000E+01 -0.66451736E-01  0.62126351E+01
  0.26750000E+01 -0.81517252E-01  0.58187273E+01
  0.26800000E+01 -0.12523519E+00  0.57014746E+01
  0.26850000E+01 -0.18997859E+00  0.53313725E+01
  0.26900000E+01 -0.26473890E+00  0.48922795E+01
  0.26950000E+01 -0.24783982E+00  0.42945681E+01
  0.27000000E+01  0.15916711E-01  0.36197967E+01
  0.27050000E+01  0.19945986E+00  0.36572899E+01
  0.27100000E+01  0.28557787E+00  0.35577731E+01
  0.27150000E+01  0.47042933E+00  0.35236749E+01
  0.27200000E+01  0.56463122E+00  0.33479931E+01
  0.27250000E+01  0.77411388E+00  0.33714561E+01
  0.27300000E+01  0.93757749E+00  0.36057346E+01
  0.27350000E+01  0.11153841E+01  0.37745566E+01
  0.27400000E+01  0.13038769E+01  0.51627389E+01
  0.27450000E+01  0.11695752E+01  0.57286286E+01
  0.27500000E+01  0.10977969E+01  0.65311854E+01
  0.27550000E+01  0.77256158E+00  0.74304292E+01
  0.27600000E+01  0.41205703E+00  0.79604379E+01
  0.27650000E+01 -0.99221806E-01  0.80587509E+01
  0.27700000E+01 -0.67155451E+00  0.73103144E+01
  0.27750000E+01 -0.47147408E+00  0.53962060E+01
  0.27800000E+01  0.25916633E+00  0.51106313E+01
  0.27850000E+01  0.65892301E+00  0.58611504E+01
  0.27900000E+01  0.10805510E+01  0.64194731E+01
  0.27950000E+01  0.13803960E+01  0.85620205E+01
  0.28000000E+01  0.30330284E+00  0.12264514E+02
  0.28050000E+01 -0.13313690E+01  0.12680483E+02
  0.28100000E+01 -0.22698926E+01  0.12251133E+02
  0.28150000E+01 -0.28231798E+01  0.13079710E+02
  0.28200000E+01 -0.42494106E+01  0.14765213E+02
  0.28250000E+01 -0.59761954E+01  0.14144738E+02
  0.28300000E+01 -0.73365344E+01  0.11996618E+02
  0.28350000E+01 -0.77615173E+01  0.73030528E+01
  0.28400000E+01 -0.63837056E+01  0.70701953E+01
  0.28450000E+01 -0.66283574E+01  0.81748018E+01
  0.28500000E+01 -0.74302728E+01  0.75952683E+01
  0.28550000E+01 -0.80621843E+01  0.57971643E+01
  0.28600000E+01 -0.83251880E+01  0.37249332E+01
  0.28650000E+01 -0.84077453E+01  0.16173377E+01
  0.28700000E+01 -0.82034914E+01 -0.16425742E+01
  0.28750000E+01 -0.68049057E+01 -0.41853025E+01
  0.28800000E+01 -0.55016719E+01 -0.35068487E+01
  0.28850000E+01 -0.48030245E+01 -0.37874981E+01
  0.28900000E+01 -0.42027231E+01 -0.40757295E+01
  0.28950000E+01 -0.32848890E+01 -0.45452750E+01
  0.29000000E+01 -0.19823292E+01 -0.26658142E+01
  0.29050000E+01 -0.20264376E+01  0.29698221E+00
  0.29100000E+01 -0.26672641E+01  0.18763872E+01
  0.29150000E+01 -0.34374130E+01  0.24862169E+01
  0.29200000E+01 -0.48319217E+01  0.20063716E+01
  0.29250000E+01 -0.53796585E+01 -0.14884378E+01
  0.29300000E+01 -0.42095579E+01 -0.29807909E+01
  0.29350000E+01 -0.37175942E+01 -0.17376788E+01
  0.29400000E+01 -0.39462896E+01 -0.17269669E+01
  0.29450000E+01 -0.39949644E+01 -0.26921090E+01
  0.29500000E+01 -0.35422827E+01 -0.39141439E+01
  0.29550000E+01 -0.30279660E+01 -0.39833326E+01
  0.29600000E+01 -0.25908386E+01 -0.41937630E+01
  0.29650000E+01 -0.18708226E+01 -0.42116703E+01
  0.29700000E+01 -0.13616340E+01 -0.30032484E+01
  0.29750000E+01 -0.14141244E+01 -0.22445029E+01
  0.29800000E+01 -0.14190894E+01 -0.16704459E+01
  0.29850000E+01 -0.16472352E+01 -0.17744740E+01
  0.29900000E+01 -0.13923479E+01 -0.20917202E+01
  0.29950000E+01 -0.13584047E+01 -0.11575148E+01
  0.30000000E+01 -0.17721106E+01 -0.78212672E+00
  0.30050000E+01 -0.20231581E+01 -0.14531182E+01
  0.30100000E+01 -0.20107760E+01 -0.19128978E+01
  0.30150000E+01 -0.13832895E+01 -0.33023300E+01
  0.30200000E+01 -0.11193467E+01 -0.28162152E+01
  0.30250000E+01 -0.79932197E+00 -0.34136541E+01
  0.30300000E+01 -0.24868699E+00 -0.40520727E+01
  0.30350000E+01  0.85273117E+00 -0.37416674E+01
  0.30400000E+01  0.16398546E+01 -0.20408762E+01
  0.30450000E+01  0.17727025E+01  0.46983599E+00
  0.30500000E+01  0.12171897E+01  0.32855681E+01
  0.30550000E+01  0.20104223E+00  0.29958515E+01
  0.30600000E+01 -0.23532716E+00  0.28335751E+01
  0.30650000E+01 -0.10382180E+01  0.21748707E+01
  0.30700000E+01 -0.69875619E+00  0.77981341E+00
  0.30750000E+01 -0.56913716E+00  0.15839808E+01
  0.30800000E+01 -0.96527510E+00  0.12749653E+01
  0.30850000E+01 -0.68510347E+00  0.12246142E+01
  0.30900000E+01 -0.44676273E+00  0.34611740E+01
  0.30950000E+01 -0.15526013E+01  0.37901320E+01
  0.31000000E+01 -0.22087385E+01  0.32340937E+01
  0.31050000E+01 -0.23488950E+01  0.18968411E+01
  0.31100000E+01 -0.22666897E+01  0.11030802E+01
  0.31150000E+01 -0.23883729E+01  0.63737881E+00
  0.31200000E+01 -0.24925742E+01  0.50333513E+00
  0.31250000E+01 -0.31387424E+01 -0.72668385E+00
  0.31300000E+01 -0.23245666E+01 -0.26106334E+01
  0.31350000E+01 -0.21680961E+01 -0.33408991E+01
  0.31400000E+01 -0.16455804E+01 -0.43594498E+01
  0.31450000E+01 -0.98964141E+00 -0.45265874E+01
  0.31500000E+01 -0.56488172E+00 -0.39470096E+01
  0.31550000E+01 -0.32129380E+00 -0.36172538E+01
  0.31600000E+01 -0.21949129E+00 -0.40153405E+01
  0.31650000E+01  0.68519113E+00 -0.45965998E+01
  0.31700000E+01  0.15114282E+01 -0.36536806E+01
  0.31750000E+01  0.20982535E+01 -0.30941896E+01
  0.31800000E+01  0.28359217E+01 -0.16712736E+01
  0.31850000E+01  0.32371637E+01  0.47650033E-01
  0.31900000E+01  0.31600685E+01  0.31406214E+01
  0.31950000E+01  0.24739146E+01  0.49781411E+01
  0.32000000E+01  0.17842943E+01  0.63255055E+01
  0.32050000E+01  0.73889317E+00  0.68997596E+01
  0.32100000E+01  0.22506818E-01  0.57747388E+01
  0.32150000E+01 -0.30853294E+00  0.48339476E+01
  0.32200000E+01 -0.48846614E+00  0.35571543E+01
  0.32250000E+01 -0.19444401E+00  0.31541917E+01
  0.32300000E+01  0.45691021E+00  0.41135643E+01
  0.32350000E+01  0.65051815E+00  0.51822460E+01
  0.32400000E+01  0.84226439E+00  0.66711143E+01
  0.32450000E+01 -0.17266805E+00  0.92913315E+01
  0.32500000E+01 -0.12749696E+01  0.94382565E+01
  0.32550000E+01 -0.19987486E+01  0.87071637E+01
  0.32600000E+01 -0.25739488E+01  0.81870492E+01
  0.32650000E+01 -0.31317961E+01  0.67968642E+01
  0.32700000E+01 -0.27003839E+01  0.58415506E+01
  0.32750000E+01 -0.29297766E+01  0.58519059E+01
  0.32800000E+01 -0.29481780E+01  0.58524255E+01
  0.32850000E+01 -0.29475811E+01  0.53598334E+01
  0.32900000E+01 -0.29753461E+01  0.60395769E+01
  0.32950000E+01 -0.28899644E+01  0.61586904E+01
  0.33000000E+01 -0.29085959E+01  0.81238839E+01
  0.33050000E+01 -0.41790094E+01  0.94668819E+01
  0.33100000E+01 -0.52817610E+01  0.86083410E+01
  0.33150000E+01 -0.62676264E+01  0.78438982E+01
  0.33200000E+01 -0.69898237E+01  0.64556119E+01
  0.33250000E+01 -0.74834999E+01  0.52903179E+01
  0.33300000E+01 -0.86574670E+01  0.48341551E+01
  0.33350000E+01 -0.87176129E+01  0.42525169E+00
  0.33400000E+01 -0.78359976E+01 -0.52584028E+00
  0.33450000E+01 -0.75071592E+01 -0.20949072E+00
  0.33500000E+01 -0.76293051E+01 -0.88846428E+00
  0.33550000E+01 -0.72565838E+01 -0.15819278E+01
  0.33600000E+01 -0.70445696E+01 -0.23798892E+01
  0.33650000E+01 -0.63306923E+01 -0.20574845E+01
  0.33700000E+01 -0.70600027E+01 -0.19939441E+00
  0.33750000E+01 -0.78580272E+01 -0.23442394E+01
  0.33800000E+01 -0.73100197E+01 -0.59720830E+01
  0.33850000E+01 -0.57883880E+01 -0.71396192E+01
  0.33900000E+01 -0.48878172E+01 -0.63577236E+01
  0.33950000E+01 -0.46078766E+01 -0.52684508E+01
  0.34000000E+01 -0.45211889E+01 -0.54232394E+01
  0.34050000E+01 -0.46866722E+01 -0.61044020E+01
  0.34100000E+01 -0.40346122E+01 -0.73923513E+01
  0.34150000E+01 -0.32980843E+01 -0.76902705E+01
  0.34200000E+01 -0.27935998E+01 -0.63166421E+01
  0.34250000E+01 -0.27603074E+01 -0.50947665E+01
  0.34300000E+01 -0.30950162E+01 -0.52263741E+01
  0.34350000E+01 -0.32185282E+01 -0.60226591E+01
  0.34400000E+01 -0.28075774E+01 -0.59402812E+01
  0.34450000E+01 -0.27557647E+01 -0.62233130E+01
  0.34500000E+01 -0.25478438E+01 -0.53647768E+01
  0.34550000E+01 -0.30228752E+01 -0.56098235E+01
  0.34600000E+01 -0.20336840E+01 -0.50703570E+01
  0.34650000E+01 -0.22876002E+01 -0.42452130E+01
  0.34700000E+01 -0.27792472E+01 -0.31391147E+01
  0.34750000E+01 -0.33993647E+01 -0.36842433E+01
  0.34800000E+01 -0.36888298E+01 -0.46698542E+01
  0.34850000E+01 -0.38093042E+01 -0.58096005E+01
  0.34900000E+01 -0.36277689E+01 -0.72557200E+01
  0.34950000E+01 -0.34282410E+01 -0.83098157E+01
  0.35000000E+01 -0.25018448E+01 -0.86875849E+01
