  0.15000000E+01  0.25479953E+04 -0.28263427E+04
  0.15050000E+01  0.25712084E+04 -0.28293639E+04
  0.15100000E+01  0.25971495E+04 -0.28296339E+04
  0.15150000E+01  0.26167529E+04 -0.28274581E+04
  0.15200000E+01  0.26277154E+04 -0.28254435E+04
  0.15250000E+01  0.26384598E+04 -0.28272270E+04
  0.15300000E+01  0.26524725E+04 -0.28291957E+04
  0.15350000E+01  0.26661625E+04 -0.28306794E+04
  0.15400000E+01  0.26801664E+04 -0.28321216E+04
  0.15450000E+01  0.26891585E+04 -0.28323512E+04
  0.15500000E+01  0.26962876E+04 -0.28357245E+04
  0.15550000E+01  0.27052138E+04 -0.28397755E+04
  0.15600000E+01  0.27130060E+04 -0.28446901E+04
  0.15650000E+01  0.27231641E+04 -0.28508965E+04
  0.15700000E+01  0.27361331E+04 -0.28574038E+04
  0.15750000E+01  0.27524368E+04 -0.28632568E+04
  0.15800000E+01  0.27706335E+04 -0.28676727E+04
  0.15850000E+01  0.27862458E+04 -0.28703251E+04
  0.15900000E+01  0.27988295E+04 -0.28737947E+04
  0.15950000E+01  0.28123612E+04 -0.28774957E+04
  0.16000000E+01  0.28258951E+04 -0.28816906E+04
  0.16050000E+01  0.28436413E+04 -0.28867097E+04
  0.16100000E+01  0.28682795E+04 -0.28897618E+04
  0.16150000E+01  0.28941818E+04 -0.28905321E+04
  0.16200000E+01  0.29195328E+04 -0.28911283E+04
  0.16250000E+01  0.29520465E+04 -0.28912157E+04
  0.16300000E+01  0.30005213E+04 -0.28871905E+04
  0.16350000E+01  0.30251314E+04 -0.28655259E+04
  0.16400000E+01  0.30394648E+04 -0.28564401E+04
  0.16450000E+01  0.30524667E+04 -0.28444536E+04
  0.16500000E+01  0.30680952E+04 -0.28377522E+04
  0.16550000E+01  0.30849161E+04 -0.28280781E+04
  0.16600000E+01  0.30989568E+04 -0.28208486E+04
  0.16650000E+01  0.31225082E+04 -0.28108763E+04
  0.16700000E+01  0.31342553E+04 -0.27974851E+04
  0.16750000E+01  0.31496729E+04 -0.27872121E+04
  0.16800000E+01  0.31727984E+04 -0.27739663E+04
  0.16850000E+01  0.31948789E+04 -0.27524112E+04
  0.16900000E+01  0.31958601E+04 -0.27252218E+04
  0.16950000E+01  0.31820161E+04 -0.26974958E+04
  0.17000000E+01  0.31443309E+04 -0.26670911E+04
  0.17050000E+01  0.30761591E+04 -0.26466250E+04
  0.17100000E+01  0.30068416E+04 -0.26397156E+04
  0.17150000E+01  0.29431326E+04 -0.26436296E+04
  0.17200000E+01  0.28887416E+04 -0.26520226E+04
  0.17250000E+01  0.28399631E+04 -0.26687391E+04
  0.17300000E+01  0.28083770E+04 -0.26900247E+04
  0.17350000E+01  0.27914995E+04 -0.27117374E+04
  0.17400000E+01  0.27864710E+04 -0.27299484E+04
  0.17450000E+01  0.27763320E+04 -0.27436537E+04
  0.17500000E+01  0.27596812E+04 -0.27577127E+04
  0.17550000E+01  0.27406930E+04 -0.27774629E+04
  0.17600000E+01  0.27289227E+04 -0.27989530E+04
  0.17650000E+01  0.27219050E+04 -0.28210761E+04
  0.17700000E+01  0.27196330E+04 -0.28431110E+04
  0.17750000E+01  0.27212505E+04 -0.28635455E+04
  0.17800000E+01  0.27204912E+04 -0.28838352E+04
  0.17850000E+01  0.27234921E+04 -0.29042949E+04
  0.17900000E+01  0.27285372E+04 -0.29239620E+04
  0.17950000E+01  0.27339819E+04 -0.29422184E+04
  0.18000000E+01  0.27362161E+04 -0.29595914E+04
  0.18050000E+01  0.27346561E+04 -0.29776780E+04
  0.18100000E+01  0.27318612E+04 -0.29977451E+04
  0.18150000E+01  0.27309580E+04 -0.30199309E+04
  0.18200000E+01  0.27342355E+04 -0.30433940E+04
  0.18250000E+01  0.27415126E+04 -0.30676102E+04
  0.18300000E+01  0.27521907E+04 -0.30918772E+04
  0.18350000E+01  0.27659562E+04 -0.31162642E+04
  0.18400000E+01  0.27842795E+04 -0.31406528E+04
  0.18450000E+01  0.28086595E+04 -0.31630327E+04
  0.18500000E+01  0.28257506E+04 -0.31840472E+04
  0.18550000E+01  0.28506564E+04 -0.32081280E+04
  0.18600000E+01  0.28759688E+04 -0.32297805E+04
  0.18650000E+01  0.29104902E+04 -0.32493739E+04
  0.18700000E+01  0.29362908E+04 -0.32691130E+04
  0.18750000E+01  0.29719490E+04 -0.32870761E+04
  0.18800000E+01  0.29972583E+04 -0.33042625E+04
  0.18850000E+01  0.30292701E+04 -0.33252231E+04
  0.18900000E+01  0.30694651E+04 -0.33449155E+04
  0.18950000E+01  0.31111393E+04 -0.33596330E+04
  0.19000000E+01  0.31554614E+04 -0.33738932E+04
  0.19050000E+01  0.31977832E+04 -0.33832031E+04
  0.19100000E+01  0.32321948E+04 -0.33911776E+04
  0.19150000E+01  0.32606586E+04 -0.33993896E+04
  0.19200000E+01  0.32881765E+04 -0.34106553E+04
  0.19250000E+01  0.33259870E+04 -0.34232099E+04
  0.19300000E+01  0.33698767E+04 -0.34332218E+04
  0.19350000E+01  0.34170269E+04 -0.34361840E+04
  0.19400000E+01  0.34666173E+04 -0.34424251E+04
  0.19450000E+01  0.35193052E+04 -0.34390887E+04
  0.19500000E+01  0.35722373E+04 -0.34348780E+04
  0.19550000E+01  0.36126836E+04 -0.34236862E+04
  0.19600000E+01  0.36342053E+04 -0.34125406E+04
  0.19650000E+01  0.36476215E+04 -0.34057687E+04
  0.19700000E+01  0.36592481E+04 -0.34021021E+04
  0.19750000E+01  0.36675426E+04 -0.34005241E+04
  0.19800000E+01  0.36758337E+04 -0.34018306E+04
  0.19850000E+01  0.36854297E+04 -0.34044070E+04
  0.19900000E+01  0.36952232E+04 -0.34071789E+04
  0.19950000E+01  0.37005136E+04 -0.34128452E+04
  0.20000000E+01  0.37103861E+04 -0.34207874E+04
  0.20050000E+01  0.37235033E+04 -0.34300363E+04
  0.20100000E+01  0.37402085E+04 -0.34397667E+04
  0.20150000E+01  0.37595106E+04 -0.34497650E+04
  0.20200000E+01  0.37823210E+04 -0.34595949E+04
  0.20250000E+01  0.38077574E+04 -0.34681063E+04
  0.20300000E+01  0.38318169E+04 -0.34757150E+04
  0.20350000E+01  0.38569171E+04 -0.34837858E+04
  0.20400000E+01  0.38845612E+04 -0.34911033E+04
  0.20450000E+01  0.39145575E+04 -0.34977688E+04
  0.20500000E+01  0.39479882E+04 -0.35019514E+04
  0.20550000E+01  0.39796670E+04 -0.35014553E+04
  0.20600000E+01  0.40019564E+04 -0.35006028E+04
  0.20650000E+01  0.40173272E+04 -0.34994770E+04
  0.20700000E+01  0.40257394E+04 -0.35013152E+04
  0.20750000E+01  0.40360349E+04 -0.35069601E+04
  0.20800000E+01  0.40535283E+04 -0.35135000E+04
  0.20850000E+01  0.40758750E+04 -0.35184334E+04
  0.20900000E+01  0.40947839E+04 -0.35218706E+04
  0.20950000E+01  0.41140535E+04 -0.35294370E+04
  0.21000000E+01  0.41419885E+04 -0.35354013E+04
  0.21050000E+01  0.41747264E+04 -0.35418070E+04
  0.21100000E+01  0.42100943E+04 -0.35455492E+04
  0.21150000E+01  0.42488363E+04 -0.35466278E+04
  0.21200000E+01  0.42802577E+04 -0.35439905E+04
  0.21250000E+01  0.43038575E+04 -0.35419845E+04
  0.21300000E+01  0.43254833E+04 -0.35423482E+04
  0.21350000E+01  0.43513735E+04 -0.35437995E+04
  0.21400000E+01  0.43807978E+04 -0.35441717E+04
  0.21450000E+01  0.44110921E+04 -0.35424104E+04
  0.21500000E+01  0.44354135E+04 -0.35388007E+04
  0.21550000E+01  0.44573048E+04 -0.35376211E+04
  0.21600000E+01  0.44837969E+04 -0.35367156E+04
  0.21650000E+01  0.45140773E+04 -0.35345300E+04
  0.21700000E+01  0.45440613E+04 -0.35290827E+04
  0.21750000E+01  0.45685347E+04 -0.35210964E+04
  0.21800000E+01  0.45861946E+04 -0.35132486E+04
  0.21850000E+01  0.46055210E+04 -0.35048780E+04
  0.21900000E+01  0.46161217E+04 -0.34928808E+04
  0.21950000E+01  0.46190839E+04 -0.34842173E+04
  0.22000000E+01  0.46200153E+04 -0.34758589E+04
  0.22050000E+01  0.46155767E+04 -0.34686481E+04
  0.22100000E+01  0.46067135E+04 -0.34620820E+04
  0.22150000E+01  0.45838377E+04 -0.34597707E+04
  0.22200000E+01  0.45659905E+04 -0.34661487E+04
  0.22250000E+01  0.45640616E+04 -0.34764967E+04
  0.22300000E+01  0.45799356E+04 -0.34834744E+04
  0.22350000E+01  0.46122994E+04 -0.34790306E+04
  0.22400000E+01  0.45799613E+04 -0.34706610E+04
  0.22450000E+01  0.45692618E+04 -0.34809928E+04
  0.22500000E+01  0.45692979E+04 -0.34940211E+04
  0.22550000E+01  0.45775108E+04 -0.35096017E+04
  0.22600000E+01  0.46002353E+04 -0.35250072E+04
  0.22650000E+01  0.46340766E+04 -0.35376450E+04
  0.22700000E+01  0.46723443E+04 -0.35455244E+04
  0.22750000E+01  0.47106977E+04 -0.35507575E+04
  0.22800000E+01  0.47488946E+04 -0.35536524E+04
  0.22850000E+01  0.47842877E+04 -0.35549312E+04
  0.22900000E+01  0.48195288E+04 -0.35562540E+04
  0.22950000E+01  0.48610271E+04 -0.35565098E+04
  0.23000000E+01  0.48991023E+04 -0.35509122E+04
  0.23050000E+01  0.49273438E+04 -0.35443665E+04
  0.23100000E+01  0.49536342E+04 -0.35368510E+04
  0.23150000E+01  0.49645488E+04 -0.35276973E+04
  0.23200000E+01  0.49665283E+04 -0.35248639E+04
  0.23250000E+01  0.49724201E+04 -0.35272803E+04
  0.23300000E+01  0.49847340E+04 -0.35303472E+04
  0.23350000E+01  0.49963844E+04 -0.35331626E+04
  0.23400000E+01  0.50087602E+04 -0.35375567E+04
  0.23450000E+01  0.50218050E+04 -0.35417540E+04
  0.23500000E+01  0.50371723E+04 -0.35477318E+04
  0.23550000E+01  0.50558112E+04 -0.35532744E+04
  0.23600000E+01  0.50755095E+04 -0.35576495E+04
  0.23650000E+01  0.50950337E+04 -0.35619928E+04
  0.23700000E+01  0.51135062E+04 -0.35663296E+04
  0.23750000E+01  0.51347336E+04 -0.35716563E+04
  0.23800000E+01  0.51602643E+04 -0.35770157E+04
  0.23850000E+01  0.51896854E+04 -0.35820467E+04
  0.23900000E+01  0.52257679E+04 -0.35846733E+04
  0.23950000E+01  0.52642603E+04 -0.35831978E+04
  0.24000000E+01  0.52952668E+04 -0.35761170E+04
  0.24050000E+01  0.53137427E+04 -0.35690113E+04
  0.24100000E+01  0.53246233E+04 -0.35678277E+04
  0.24150000E+01  0.53419894E+04 -0.35692442E+04
  0.24200000E+01  0.53644031E+04 -0.35710115E+04
  0.24250000E+01  0.53876063E+04 -0.35718867E+04
  0.24300000E+01  0.54129293E+04 -0.35708794E+04
  0.24350000E+01  0.54285015E+04 -0.35701190E+04
  0.24400000E+01  0.54432699E+04 -0.35732942E+04
  0.24450000E+01  0.54599226E+04 -0.35791430E+04
  0.24500000E+01  0.54837562E+04 -0.35877149E+04
  0.24550000E+01  0.55164382E+04 -0.35966891E+04
  0.24600000E+01  0.55539736E+04 -0.36066713E+04
  0.24650000E+01  0.56009292E+04 -0.36158055E+04
  0.24700000E+01  0.56639688E+04 -0.36273492E+04
  0.24750000E+01  0.57441002E+04 -0.36323681E+04
  0.24800000E+01  0.58276615E+04 -0.36303327E+04
  0.24850000E+01  0.59076690E+04 -0.36205230E+04
  0.24900000E+01  0.59764992E+04 -0.36071015E+04
  0.24950000E+01  0.60410045E+04 -0.35934384E+04
  0.25000000E+01  0.61058003E+04 -0.35777824E+04
  0.25050000E+01  0.61714422E+04 -0.35602790E+04
  0.25100000E+01  0.62408353E+04 -0.35390782E+04
  0.25150000E+01  0.63100001E+04 -0.35116428E+04
  0.25200000E+01  0.63657260E+04 -0.34754365E+04
  0.25250000E+01  0.63996636E+04 -0.34357636E+04
  0.25300000E+01  0.64206908E+04 -0.34027746E+04
  0.25350000E+01  0.64289188E+04 -0.33737984E+04
  0.25400000E+01  0.64386970E+04 -0.33501669E+04
  0.25450000E+01  0.64524164E+04 -0.33296752E+04
  0.25500000E+01  0.64726208E+04 -0.33091281E+04
  0.25550000E+01  0.64968108E+04 -0.32874609E+04
  0.25600000E+01  0.65171416E+04 -0.32595477E+04
  0.25650000E+01  0.65168917E+04 -0.32387117E+04
  0.25700000E+01  0.65378576E+04 -0.32203862E+04
  0.25750000E+01  0.65468595E+04 -0.31929340E+04
  0.25800000E+01  0.65480709E+04 -0.31726498E+04
  0.25850000E+01  0.65475970E+04 -0.31535127E+04
  0.25900000E+01  0.65453215E+04 -0.31388315E+04
  0.25950000E+01  0.65493792E+04 -0.31257915E+04
  0.26000000E+01  0.65569844E+04 -0.31125764E+04
  0.26050000E+01  0.65663071E+04 -0.30984885E+04
  0.26100000E+01  0.65728165E+04 -0.30832561E+04
  0.26150000E+01  0.65746533E+04 -0.30704094E+04
  0.26200000E+01  0.65790061E+04 -0.30571190E+04
  0.26250000E+01  0.65831199E+04 -0.30468107E+04
  0.26300000E+01  0.65915718E+04 -0.30319639E+04
  0.26350000E+01  0.65889923E+04 -0.30181634E+04
  0.26400000E+01  0.65829658E+04 -0.30066998E+04
  0.26450000E+01  0.65746543E+04 -0.29979448E+04
  0.26500000E+01  0.65618870E+04 -0.29935566E+04
  0.26550000E+01  0.65602896E+04 -0.29954332E+04
  0.26600000E+01  0.65750268E+04 -0.29979228E+04
  0.26650000E+01  0.66014373E+04 -0.29979647E+04
  0.26700000E+01  0.66340242E+04 -0.29943398E+04
  0.26750000E+01  0.66623356E+04 -0.29850945E+04
  0.26800000E+01  0.66903304E+04 -0.29809691E+04
  0.26850000E+01  0.67287276E+04 -0.29755705E+04
  0.26900000E+01  0.67751213E+04 -0.29668447E+04
  0.26950000E+01  0.68241753E+04 -0.29531166E+04
  0.27000000E+01  0.68691297E+04 -0.29323693E+04
  0.27050000E+01  0.68985430E+04 -0.29076780E+04
  0.27100000E+01  0.69145440E+04 -0.28842230E+04
  0.27150000E+01  0.69272378E+04 -0.28647067E+04
  0.27200000E+01  0.69456170E+04 -0.28428064E+04
  0.27250000E+01  0.69477224E+04 -0.28183574E+04
  0.27300000E+01  0.69420872E+04 -0.27990600E+04
  0.27350000E+01  0.69390379E+04 -0.27818949E+04
  0.27400000E+01  0.69328481E+04 -0.27635880E+04
  0.27450000E+01  0.69134706E+04 -0.27447352E+04
  0.27500000E+01  0.68839008E+04 -0.27334279E+04
  0.27550000E+01  0.68575156E+04 -0.27278330E+04
  0.27600000E+01  0.68347166E+04 -0.27243303E+04
  0.27650000E+01  0.68150195E+04 -0.27238899E+04
  0.27700000E+01  0.67983887E+04 -0.27259564E+04
  0.27750000E+01  0.67852444E+04 -0.27299215E+04
  0.27800000E+01  0.67774833E+04 -0.27358498E+04
  0.27850000E+01  0.67759858E+04 -0.27426322E+04
  0.27900000E+01  0.67819019E+04 -0.27499152E+04
  0.27950000E+01  0.67962702E+04 -0.27561550E+04
  0.28000000E+01  0.68160029E+04 -0.27603401E+04
  0.28050000E+01  0.68428755E+04 -0.27621739E+04
  0.28100000E+01  0.68710551E+04 -0.27605380E+04
  0.28150000E+01  0.69015399E+04 -0.27552201E+04
  0.28200000E+01  0.69266308E+04 -0.27460542E+04
  0.28250000E+01  0.69407307E+04 -0.27345211E+04
  0.28300000E+01  0.69425421E+04 -0.27263299E+04
  0.28350000E+01  0.69446588E+04 -0.27233139E+04
  0.28400000E+01  0.69562907E+04 -0.27219894E+04
  0.28450000E+01  0.69745035E+04 -0.27197975E+04
  0.28500000E+01  0.69939486E+04 -0.27176531E+04
  0.28550000E+01  0.70177133E+04 -0.27141354E+04
  0.28600000E+01  0.70397781E+04 -0.27086539E+04
  0.28650000E+01  0.70602607E+04 -0.27029502E+04
  0.28700000E+01  0.70773383E+04 -0.26963832E+04
  0.28750000E+01  0.70937774E+04 -0.26929319E+04
  0.28800000E+01  0.71160406E+04 -0.26910619E+04
  0.28850000E+01  0.71472877E+04 -0.26887331E+04
  0.28900000E+01  0.71861965E+04 -0.26840201E+04
  0.28950000E+01  0.72344175E+04 -0.26763824E+04
  0.29000000E+01  0.72860010E+04 -0.26620757E+04
  0.29050000E+01  0.73309574E+04 -0.26416766E+04
  0.29100000E+01  0.73699684E+04 -0.26201269E+04
  0.29150000E+01  0.74080184E+04 -0.25963354E+04
  0.29200000E+01  0.74446507E+04 -0.25677283E+04
  0.29250000E+01  0.74745754E+04 -0.25360289E+04
  0.29300000E+01  0.74920028E+04 -0.24990530E+04
  0.29350000E+01  0.74891097E+04 -0.24661783E+04
  0.29400000E+01  0.74775800E+04 -0.24370550E+04
  0.29450000E+01  0.74587179E+04 -0.24134879E+04
  0.29500000E+01  0.74489481E+04 -0.23961733E+04
  0.29550000E+01  0.74501762E+04 -0.23796262E+04
  0.29600000E+01  0.74619135E+04 -0.23605453E+04
  0.29650000E+01  0.74716502E+04 -0.23332010E+04
  0.29700000E+01  0.74491789E+04 -0.23020621E+04
  0.29750000E+01  0.74106364E+04 -0.22838186E+04
  0.29800000E+01  0.73786448E+04 -0.22759051E+04
  0.29850000E+01  0.73640189E+04 -0.22721404E+04
  0.29900000E+01  0.73594506E+04 -0.22681659E+04
  0.29950000E+01  0.73583784E+04 -0.22636036E+04
  0.30000000E+01  0.73586165E+04 -0.22591861E+04
  0.30050000E+01  0.73598596E+04 -0.22538414E+04
  0.30100000E+01  0.73606685E+04 -0.22507722E+04
  0.30150000E+01  0.73620247E+04 -0.22476497E+04
  0.30200000E+01  0.73677129E+04 -0.22450111E+04
  0.30250000E+01  0.73734162E+04 -0.22407771E+04
  0.30300000E+01  0.73739984E+04 -0.22330951E+04
  0.30350000E+01  0.73622532E+04 -0.22280302E+04
  0.30400000E+01  0.73483880E+04 -0.22268632E+04
  0.30450000E+01  0.73356225E+04 -0.22309385E+04
  0.30500000E+01  0.73321012E+04 -0.22383648E+04
  0.30550000E+01  0.73386772E+04 -0.22472807E+04
  0.30600000E+01  0.73621253E+04 -0.22559280E+04
  0.30650000E+01  0.73942556E+04 -0.22584450E+04
  0.30700000E+01  0.74258914E+04 -0.22585546E+04
  0.30750000E+01  0.74607840E+04 -0.22556921E+04
  0.30800000E+01  0.74959982E+04 -0.22476947E+04
  0.30850000E+01  0.75220604E+04 -0.22317967E+04
  0.30900000E+01  0.75199786E+04 -0.22179023E+04
  0.30950000E+01  0.75164838E+04 -0.22139536E+04
  0.31000000E+01  0.75230718E+04 -0.22132739E+04
  0.31050000E+01  0.75396106E+04 -0.22096172E+04
  0.31100000E+01  0.75438060E+04 -0.22027949E+04
  0.31150000E+01  0.75451397E+04 -0.22009763E+04
  0.31200000E+01  0.75490240E+04 -0.22016686E+04
  0.31250000E+01  0.75513017E+04 -0.22062432E+04
  0.31300000E+01  0.75647606E+04 -0.22154828E+04
  0.31350000E+01  0.75921214E+04 -0.22230729E+04
  0.31400000E+01  0.76229682E+04 -0.22295096E+04
  0.31450000E+01  0.76587383E+04 -0.22353170E+04
  0.31500000E+01  0.77045171E+04 -0.22434245E+04
  0.31550000E+01  0.77653275E+04 -0.22468495E+04
  0.31600000E+01  0.78305891E+04 -0.22455543E+04
  0.31650000E+01  0.78945110E+04 -0.22375343E+04
  0.31700000E+01  0.79543387E+04 -0.22286517E+04
  0.31750000E+01  0.80140216E+04 -0.22164056E+04
  0.31800000E+01  0.80698403E+04 -0.22043413E+04
  0.31850000E+01  0.81379504E+04 -0.21908444E+04
  0.31900000E+01  0.81945630E+04 -0.21697271E+04
  0.31950000E+01  0.82569662E+04 -0.21572383E+04
  0.32000000E+01  0.83302852E+04 -0.21421414E+04
  0.32050000E+01  0.84139506E+04 -0.21257157E+04
  0.32100000E+01  0.85106231E+04 -0.21015990E+04
  0.32150000E+01  0.86017568E+04 -0.20668916E+04
  0.32200000E+01  0.86953757E+04 -0.20265264E+04
  0.32250000E+01  0.87697169E+04 -0.19747900E+04
  0.32300000E+01  0.88278034E+04 -0.19197258E+04
  0.32350000E+01  0.88691102E+04 -0.18670595E+04
  0.32400000E+01  0.88892509E+04 -0.18096242E+04
  0.32450000E+01  0.88944829E+04 -0.17622813E+04
  0.32500000E+01  0.89063228E+04 -0.17240570E+04
  0.32550000E+01  0.89307586E+04 -0.16877483E+04
  0.32600000E+01  0.89492640E+04 -0.16447514E+04
  0.32650000E+01  0.89706310E+04 -0.16090304E+04
  0.32700000E+01  0.89945969E+04 -0.15713142E+04
  0.32750000E+01  0.90231195E+04 -0.15339695E+04
  0.32800000E+01  0.90475581E+04 -0.14928312E+04
  0.32850000E+01  0.90683087E+04 -0.14435700E+04
  0.32900000E+01  0.90627506E+04 -0.14045579E+04
  0.32950000E+01  0.90632968E+04 -0.13721803E+04
  0.33000000E+01  0.90764807E+04 -0.13438409E+04
  0.33050000E+01  0.91050692E+04 -0.13148327E+04
  0.33100000E+01  0.91471976E+04 -0.12812535E+04
  0.33150000E+01  0.91974591E+04 -0.12343292E+04
  0.33200000E+01  0.92230626E+04 -0.11719212E+04
  0.33250000E+01  0.91939200E+04 -0.11173654E+04
  0.33300000E+01  0.91635326E+04 -0.10769846E+04
  0.33350000E+01  0.91371662E+04 -0.10442987E+04
  0.33400000E+01  0.91202431E+04 -0.10182545E+04
  0.33450000E+01  0.91166700E+04 -0.99519559E+03
  0.33500000E+01  0.91289881E+04 -0.97426965E+03
  0.33550000E+01  0.91585411E+04 -0.95024169E+03
  0.33600000E+01  0.92023372E+04 -0.91809199E+03
  0.33650000E+01  0.92499796E+04 -0.87584052E+03
  0.33700000E+01  0.92824831E+04 -0.82276542E+03
  0.33750000E+01  0.92994757E+04 -0.76782057E+03
  0.33800000E+01  0.92948321E+04 -0.71377335E+03
  0.33850000E+01  0.92801507E+04 -0.66827285E+03
  0.33900000E+01  0.92787651E+04 -0.62679377E+03
  0.33950000E+01  0.92822764E+04 -0.58178744E+03
  0.34000000E+01  0.92770363E+04 -0.53501910E+03
  0.34050000E+01  0.92708704E+04 -0.49499389E+03
  0.34100000E+01  0.92704316E+04 -0.45130170E+03
  0.34150000E+01  0.92584377E+04 -0.40188721E+03
  0.34200000E+01  0.92254686E+04 -0.35419223E+03
  0.34250000E+01  0.91848704E+04 -0.31214722E+03
  0.34300000E+01  0.91382813E+04 -0.27499685E+03
  0.34350000E+01  0.90876751E+04 -0.23980856E+03
  0.34400000E+01  0.90245884E+04 -0.21138068E+03
  0.34450000E+01  0.89673535E+04 -0.19213602E+03
  0.34500000E+01  0.89188514E+04 -0.17777916E+03
  0.34550000E+01  0.88760709E+04 -0.16446540E+03
  0.34600000E+01  0.88316406E+04 -0.15423196E+03
  0.34650000E+01  0.87962928E+04 -0.15017244E+03
  0.34700000E+01  0.87714101E+04 -0.14756680E+03
  0.34750000E+01  0.87540233E+04 -0.14648471E+03
  0.34800000E+01  0.87467088E+04 -0.14825206E+03
  0.34850000E+01  0.87525298E+04 -0.14844950E+03
  0.34900000E+01  0.87696566E+04 -0.14542957E+03
  0.34950000E+01  0.87879876E+04 -0.14079005E+03
  0.35000000E+01  0.88156998E+04 -0.13429305E+03
