  0.15000000E+01  0.26128507E+01  0.15573690E+02
  0.15050000E+01 -0.42642640E+00  0.17431807E+02
  0.15100000E+01 -0.46271821E+01  0.18294687E+02
  0.15150000E+01 -0.88209304E+01  0.18363449E+02
  0.15200000E+01 -0.11375714E+02  0.17658543E+02
  0.15250000E+01 -0.12781289E+02  0.17325392E+02
  0.15300000E+01 -0.13933756E+02  0.16589262E+02
  0.15350000E+01 -0.15192691E+02  0.16378007E+02
  0.15400000E+01 -0.15772397E+02  0.15787846E+02
  0.15450000E+01 -0.16107598E+02  0.15531374E+02
  0.15500000E+01 -0.16365571E+02  0.15576828E+02
  0.15550000E+01 -0.17515144E+02  0.15618646E+02
  0.15600000E+01 -0.18507716E+02  0.15375955E+02
  0.15650000E+01 -0.19608083E+02  0.15092552E+02
  0.15700000E+01 -0.20448976E+02  0.14635474E+02
  0.15750000E+01 -0.20863428E+02  0.14116057E+02
  0.15800000E+01 -0.21135263E+02  0.13714585E+02
  0.15850000E+01 -0.21309385E+02  0.13466176E+02
  0.15900000E+01 -0.22000006E+02  0.13441687E+02
  0.15950000E+01 -0.23507444E+02  0.13365545E+02
  0.16000000E+01 -0.25600238E+02  0.13102070E+02
  0.16050000E+01 -0.29324736E+02  0.12301160E+02
  0.16100000E+01 -0.30792170E+02  0.10410617E+02
  0.16150000E+01 -0.30917263E+02  0.84738669E+01
  0.16200000E+01 -0.28583909E+02  0.67546367E+01
  0.16250000E+01 -0.25565823E+02  0.64403642E+01
  0.16300000E+01 -0.25125140E+02  0.66653701E+01
  0.16350000E+01 -0.25056431E+02  0.63733472E+01
  0.16400000E+01 -0.24929607E+02  0.65114883E+01
  0.16450000E+01 -0.26532417E+02  0.68731076E+01
  0.16500000E+01 -0.30308341E+02  0.58907645E+01
  0.16550000E+01 -0.30694659E+02  0.52788157E+01
  0.16600000E+01 -0.34050997E+02  0.48481664E+01
  0.16650000E+01 -0.39785325E+02  0.22997485E+01
  0.16700000E+01 -0.37660239E+02 -0.11012767E+01
  0.16750000E+01 -0.35562142E+02 -0.28402711E+01
  0.16800000E+01 -0.33177918E+02 -0.39614317E+01
  0.16850000E+01 -0.31438415E+02 -0.44986807E+01
  0.16900000E+01 -0.31393557E+02 -0.51933368E+01
  0.16950000E+01 -0.31145407E+02 -0.67725894E+01
  0.17000000E+01 -0.29437999E+02 -0.83920902E+01
  0.17050000E+01 -0.26244348E+02 -0.98351633E+01
  0.17100000E+01 -0.21976726E+02 -0.10700983E+02
  0.17150000E+01 -0.17788145E+02 -0.10626185E+02
  0.17200000E+01 -0.15387323E+02 -0.10096101E+02
  0.17250000E+01 -0.14026633E+02 -0.96634687E+01
  0.17300000E+01 -0.13629380E+02 -0.93809367E+01
  0.17350000E+01 -0.13035346E+02 -0.90545003E+01
  0.17400000E+01 -0.13040764E+02 -0.88341969E+01
  0.17450000E+01 -0.12898289E+02 -0.86258936E+01
  0.17500000E+01 -0.12769557E+02 -0.83857634E+01
  0.17550000E+01 -0.12699846E+02 -0.81443902E+01
  0.17600000E+01 -0.12732537E+02 -0.79586272E+01
  0.17650000E+01 -0.12696599E+02 -0.78595861E+01
  0.17700000E+01 -0.12530942E+02 -0.77930176E+01
  0.17750000E+01 -0.12480556E+02 -0.77804433E+01
  0.17800000E+01 -0.12374682E+02 -0.79915241E+01
  0.17850000E+01 -0.11282843E+02 -0.81839812E+01
  0.17900000E+01 -0.10206270E+02 -0.80423412E+01
  0.17950000E+01 -0.94503505E+01 -0.77639723E+01
  0.18000000E+01 -0.89529550E+01 -0.76342248E+01
  0.18050000E+01 -0.86263401E+01 -0.73509394E+01
  0.18100000E+01 -0.82040152E+01 -0.71006197E+01
  0.18150000E+01 -0.82932704E+01 -0.68754232E+01
  0.18200000E+01 -0.81617524E+01 -0.67128324E+01
  0.18250000E+01 -0.79794941E+01 -0.65214089E+01
  0.18300000E+01 -0.82236705E+01 -0.64343395E+01
  0.18350000E+01 -0.81629845E+01 -0.64051518E+01
  0.18400000E+01 -0.81067370E+01 -0.63999544E+01
  0.18450000E+01 -0.77075368E+01 -0.62636955E+01
  0.18500000E+01 -0.76004628E+01 -0.58071853E+01
  0.18550000E+01 -0.80655432E+01 -0.57646618E+01
  0.18600000E+01 -0.80645574E+01 -0.56962402E+01
  0.18650000E+01 -0.82192676E+01 -0.56030663E+01
  0.18700000E+01 -0.83850433E+01 -0.55380324E+01
  0.18750000E+01 -0.85808491E+01 -0.54876006E+01
  0.18800000E+01 -0.87650836E+01 -0.54463748E+01
  0.18850000E+01 -0.90106933E+01 -0.54180790E+01
  0.18900000E+01 -0.92627440E+01 -0.54495568E+01
  0.18950000E+01 -0.95191674E+01 -0.54865766E+01
  0.19000000E+01 -0.94877776E+01 -0.57525009E+01
  0.19050000E+01 -0.92934284E+01 -0.58180643E+01
  0.19100000E+01 -0.93399056E+01 -0.58483177E+01
  0.19150000E+01 -0.92976196E+01 -0.60382559E+01
  0.19200000E+01 -0.89528702E+01 -0.63393359E+01
  0.19250000E+01 -0.81307382E+01 -0.66073693E+01
  0.19300000E+01 -0.69851111E+01 -0.68188936E+01
  0.19350000E+01 -0.51776371E+01 -0.68638579E+01
  0.19400000E+01 -0.34285300E+01 -0.65519300E+01
  0.19450000E+01 -0.20984215E+01 -0.59595899E+01
  0.19500000E+01 -0.15181286E+01 -0.54637525E+01
  0.19550000E+01 -0.68983366E+00 -0.50164408E+01
  0.19600000E+01  0.88724989E-01 -0.44097671E+01
  0.19650000E+01  0.43684774E+00 -0.37113729E+01
  0.19700000E+01 -0.40563863E+00 -0.32065363E+01
  0.19750000E+01  0.16190054E+00 -0.31709342E+01
  0.19800000E+01  0.53106362E+00 -0.26498196E+01
  0.19850000E+01  0.65940027E+00 -0.19973600E+01
  0.19900000E+01  0.31919355E-01 -0.14054514E+01
  0.19950000E+01 -0.76945530E+00 -0.10079954E+01
  0.20000000E+01 -0.14965302E+01 -0.73325590E+00
  0.20050000E+01 -0.21134754E+01 -0.53042966E+00
  0.20100000E+01 -0.26808532E+01 -0.43607920E+00
  0.20150000E+01 -0.29743151E+01 -0.32691436E+00
  0.20200000E+01 -0.31550904E+01 -0.83252355E-01
  0.20250000E+01 -0.38230050E+01  0.19011920E+00
  0.20300000E+01 -0.45224391E+01  0.15022171E+00
  0.20350000E+01 -0.46352269E+01  0.12625193E+00
  0.20400000E+01 -0.49407631E+01  0.19268915E+00
  0.20450000E+01 -0.53948103E+01  0.22853131E+00
  0.20500000E+01 -0.60566036E+01 -0.12303814E-01
  0.20550000E+01 -0.62169871E+01 -0.35479912E+00
  0.20600000E+01 -0.55847585E+01 -0.39558758E+00
  0.20650000E+01 -0.54899033E+01 -0.52092127E+00
  0.20700000E+01 -0.51750181E+01 -0.55191626E+00
  0.20750000E+01 -0.51524444E+01 -0.31466093E+00
  0.20800000E+01 -0.53495105E+01 -0.28342066E+00
  0.20850000E+01 -0.60493455E+01 -0.15972478E+00
  0.20900000E+01 -0.68286696E+01 -0.77074904E+00
  0.20950000E+01 -0.67341077E+01 -0.11535578E+01
  0.21000000E+01 -0.62489262E+01 -0.14323996E+01
  0.21050000E+01 -0.48765977E+01 -0.14896626E+01
  0.21100000E+01 -0.33310923E+01 -0.42991396E+00
  0.21150000E+01 -0.59728749E+01  0.59493410E+00
  0.21200000E+01 -0.79898442E+01  0.11442861E+00
  0.21250000E+01 -0.77488957E+01 -0.53007912E+00
  0.21300000E+01 -0.70233733E+01 -0.85545417E+00
  0.21350000E+01 -0.59968847E+01 -0.84579524E+00
  0.21400000E+01 -0.56107036E+01 -0.51218226E+00
  0.21450000E+01 -0.59425549E+01 -0.17644568E+00
  0.21500000E+01 -0.66745372E+01  0.39723542E-01
  0.21550000E+01 -0.75373202E+01  0.64182610E-01
  0.21600000E+01 -0.86134557E+01  0.87495135E-01
  0.21650000E+01 -0.94226675E+01 -0.30587426E+00
  0.21700000E+01 -0.97684764E+01 -0.74731755E+00
  0.21750000E+01 -0.95194255E+01 -0.10543005E+01
  0.21800000E+01 -0.93645409E+01 -0.98958556E+00
  0.21850000E+01 -0.10233330E+02 -0.11351537E+01
  0.21900000E+01 -0.10771534E+02 -0.16285295E+01
  0.21950000E+01 -0.98839772E+01 -0.20919600E+01
  0.22000000E+01 -0.82821304E+01 -0.20218632E+01
  0.22050000E+01 -0.98390190E+01 -0.92621442E+00
  0.22100000E+01 -0.10773415E+02 -0.14607746E+01
  0.22150000E+01 -0.10530982E+02 -0.22956696E+01
  0.22200000E+01 -0.95654548E+01 -0.26995301E+01
  0.22250000E+01 -0.68221409E+01 -0.28412701E+01
  0.22300000E+01 -0.81889451E+01 -0.20717645E+01
  0.22350000E+01 -0.71953043E+01 -0.28184404E+01
  0.22400000E+01 -0.45536755E+01 -0.27161622E+01
  0.22450000E+01 -0.28716467E+01 -0.13862650E+01
  0.22500000E+01 -0.50568926E+01 -0.44448343E+00
  0.22550000E+01 -0.66422641E+01 -0.16408068E+00
  0.22600000E+01 -0.78211517E+01 -0.60528685E+00
  0.22650000E+01 -0.83247904E+01 -0.11910410E+01
  0.22700000E+01 -0.79778283E+01 -0.14907583E+01
  0.22750000E+01 -0.72991062E+01 -0.17486949E+01
  0.22800000E+01 -0.69184780E+01 -0.16819393E+01
  0.22850000E+01 -0.65789682E+01 -0.17807422E+01
  0.22900000E+01 -0.63037719E+01 -0.17697889E+01
  0.22950000E+01 -0.59097912E+01 -0.17665031E+01
  0.23000000E+01 -0.54057755E+01 -0.15979128E+01
  0.23050000E+01 -0.55667624E+01 -0.14802091E+01
  0.23100000E+01 -0.54912772E+01 -0.12069104E+01
  0.23150000E+01 -0.51732589E+01 -0.10277241E+01
  0.23200000E+01 -0.44711659E+01 -0.50597824E+00
  0.23250000E+01 -0.55161685E+01  0.52569657E+00
  0.23300000E+01 -0.74076224E+01  0.10024650E+01
  0.23350000E+01 -0.89102017E+01  0.11659589E+01
  0.23400000E+01 -0.10911814E+02  0.11508628E+01
  0.23450000E+01 -0.12757250E+02  0.81274205E+00
  0.23500000E+01 -0.13555764E+02  0.29677566E+00
  0.23550000E+01 -0.13381293E+02 -0.19666473E-01
  0.23600000E+01 -0.13102738E+02  0.36596981E-02
  0.23650000E+01 -0.13611742E+02  0.33581856E+00
  0.23700000E+01 -0.15910740E+02  0.71687576E+00
  0.23750000E+01 -0.20808587E+02 -0.29750185E+00
  0.23800000E+01 -0.20364125E+02 -0.25145319E+01
  0.23850000E+01 -0.20033146E+02 -0.35007607E+01
  0.23900000E+01 -0.18963805E+02 -0.44658239E+01
  0.23950000E+01 -0.18132438E+02 -0.49464966E+01
  0.24000000E+01 -0.17675252E+02 -0.54843129E+01
  0.24050000E+01 -0.16846792E+02 -0.60313659E+01
  0.24100000E+01 -0.16045439E+02 -0.63596157E+01
  0.24150000E+01 -0.15368977E+02 -0.67578049E+01
  0.24200000E+01 -0.14519423E+02 -0.71603454E+01
  0.24250000E+01 -0.13240708E+02 -0.76026335E+01
  0.24300000E+01 -0.11886668E+02 -0.78377326E+01
  0.24350000E+01 -0.10057045E+02 -0.81321582E+01
  0.24400000E+01 -0.82148842E+01 -0.80593262E+01
  0.24450000E+01 -0.61472314E+01 -0.77924472E+01
  0.24500000E+01 -0.45881514E+01 -0.73802832E+01
  0.24550000E+01 -0.30842086E+01 -0.69900028E+01
  0.24600000E+01 -0.12048764E+01 -0.65030023E+01
  0.24650000E+01 -0.21144829E+00 -0.58848688E+01
  0.24700000E+01  0.98291352E+00 -0.51249329E+01
  0.24750000E+01  0.14890492E+01 -0.42229917E+01
  0.24800000E+01  0.15461082E+01 -0.33788935E+01
  0.24850000E+01  0.16827734E+01 -0.26509639E+01
  0.24900000E+01  0.48515551E+00 -0.15020026E+01
  0.24950000E+01 -0.17516763E+01 -0.17019952E+01
  0.25000000E+01 -0.76148022E+00 -0.20907308E+01
  0.25050000E+01  0.55914547E+00 -0.15197931E+01
  0.25100000E+01 -0.16283705E+00 -0.63010142E+00
  0.25150000E+01 -0.19003002E+01  0.22125288E+00
  0.25200000E+01 -0.49944193E+01  0.25639592E+00
  0.25250000E+01 -0.50768553E+01 -0.53838424E-01
  0.25300000E+01 -0.70959362E+01  0.22231119E+00
  0.25350000E+01 -0.10774572E+02  0.71516278E-01
  0.25400000E+01 -0.14035815E+02 -0.14947220E+01
  0.25450000E+01 -0.13790873E+02 -0.35461491E+01
  0.25500000E+01 -0.13190288E+02 -0.45040809E+01
  0.25550000E+01 -0.14372519E+02 -0.60352912E+01
  0.25600000E+01 -0.12676424E+02 -0.83235045E+01
  0.25650000E+01 -0.86102728E+01 -0.10393138E+02
  0.25700000E+01 -0.31326077E+01 -0.11132260E+02
  0.25750000E+01  0.25186455E+01 -0.10846526E+02
  0.25800000E+01  0.67772944E+01 -0.87201710E+01
  0.25850000E+01  0.75196920E+01 -0.73149476E+01
  0.25900000E+01  0.84795248E+01 -0.60029589E+01
  0.25950000E+01  0.86101734E+01 -0.48533550E+01
  0.26000000E+01  0.86415907E+01 -0.37236030E+01
  0.26050000E+01  0.76836899E+01 -0.31767970E+01
  0.26100000E+01  0.77566986E+01 -0.27009416E+01
  0.26150000E+01  0.79989994E+01 -0.19106740E+01
  0.26200000E+01  0.77195697E+01 -0.11044548E+01
  0.26250000E+01  0.70752010E+01 -0.42930562E+00
  0.26300000E+01  0.63792691E+01 -0.11111381E+00
  0.26350000E+01  0.62436669E+01  0.37025999E+00
  0.26400000E+01  0.51100428E+01  0.14017859E+01
  0.26450000E+01  0.33303495E+01  0.14001125E+01
  0.26500000E+01  0.19865594E+01  0.10279486E+01
  0.26550000E+01  0.23671721E+01  0.38486528E+00
  0.26600000E+01  0.40606437E+01  0.83052559E+00
  0.26650000E+01  0.43145894E+01  0.11598784E+01
  0.26700000E+01  0.48614600E+01  0.14569017E+01
  0.26750000E+01  0.50091765E+01  0.17478211E+01
  0.26800000E+01  0.56810157E+01  0.20639609E+01
  0.26850000E+01  0.65714995E+01  0.26289356E+01
  0.26900000E+01  0.70784820E+01  0.35695650E+01
  0.26950000E+01  0.69035116E+01  0.46119644E+01
  0.27000000E+01  0.60336542E+01  0.55365708E+01
  0.27050000E+01  0.47955961E+01  0.62236791E+01
  0.27100000E+01  0.46268230E+01  0.67943506E+01
  0.27150000E+01  0.36959250E+01  0.77387563E+01
  0.27200000E+01  0.22254009E+01  0.86679147E+01
  0.27250000E+01 -0.78332478E-01  0.95399088E+01
  0.27300000E+01 -0.26813141E+01  0.10036799E+02
  0.27350000E+01 -0.57625161E+01  0.10324113E+02
  0.27400000E+01 -0.81847054E+01  0.99493151E+01
  0.27450000E+01 -0.88634656E+01  0.10053809E+02
  0.27500000E+01 -0.10217503E+02  0.10225688E+02
  0.27550000E+01 -0.12882806E+02  0.10364551E+02
  0.27600000E+01 -0.15081268E+02  0.88637186E+01
  0.27650000E+01 -0.15960390E+02  0.80318145E+01
  0.27700000E+01 -0.15743420E+02  0.68466127E+01
  0.27750000E+01 -0.14699114E+02  0.62560194E+01
  0.27800000E+01 -0.14035751E+02  0.58684907E+01
  0.27850000E+01 -0.13335468E+02  0.54161351E+01
  0.27900000E+01 -0.11446856E+02  0.52053250E+01
  0.27950000E+01 -0.94868909E+01  0.59834046E+01
  0.28000000E+01 -0.97470613E+01  0.78776188E+01
  0.28050000E+01 -0.14006981E+02  0.93982747E+01
  0.28100000E+01 -0.21151003E+02  0.95174340E+01
  0.28150000E+01 -0.27543845E+02  0.76219170E+01
  0.28200000E+01 -0.30836475E+02  0.49493418E+01
  0.28250000E+01 -0.31619112E+02  0.22836852E+01
  0.28300000E+01 -0.30928796E+02  0.10506003E+00
  0.28350000E+01 -0.30066209E+02 -0.16457079E+01
  0.28400000E+01 -0.28748827E+02 -0.30931088E+01
  0.28450000E+01 -0.27326973E+02 -0.45167297E+01
  0.28500000E+01 -0.26220234E+02 -0.54217893E+01
  0.28550000E+01 -0.27334889E+02 -0.68999407E+01
  0.28600000E+01 -0.26331154E+02 -0.92129395E+01
  0.28650000E+01 -0.22856808E+02 -0.11796149E+02
  0.28700000E+01 -0.14436018E+02 -0.13931739E+02
  0.28750000E+01 -0.51218091E+01 -0.12704472E+02
  0.28800000E+01  0.19512701E+01 -0.95363693E+01
  0.28850000E+01  0.19373954E+01 -0.56265963E+01
  0.28900000E+01 -0.13934503E+01 -0.37204623E+01
  0.28950000E+01 -0.36907431E+01 -0.30063684E+01
  0.29000000E+01 -0.39835475E+01 -0.28114077E+01
  0.29050000E+01 -0.24743060E+01 -0.20769278E+01
  0.29100000E+01 -0.22279913E+01 -0.74114906E+00
  0.29150000E+01 -0.24305063E+01  0.44761372E+00
  0.29200000E+01 -0.40516224E+01  0.16825590E+01
  0.29250000E+01 -0.62067688E+01  0.25402800E+01
  0.29300000E+01 -0.78571211E+01  0.29957480E+01
  0.29350000E+01 -0.10879508E+02  0.33390859E+01
  0.29400000E+01 -0.13073301E+02  0.31455977E+01
  0.29450000E+01 -0.15074842E+02  0.27808608E+01
  0.29500000E+01 -0.15921360E+02  0.22600249E+01
  0.29550000E+01 -0.16300462E+02  0.20533023E+01
  0.29600000E+01 -0.15829399E+02  0.21454880E+00
  0.29650000E+01 -0.11035246E+02  0.64836793E+00
  0.29700000E+01 -0.10910832E+02  0.17888056E+01
  0.29750000E+01 -0.10246959E+02  0.27303184E+01
  0.29800000E+01 -0.98130202E+01  0.40615242E+01
  0.29850000E+01 -0.12640766E+02  0.55759015E+01
  0.29900000E+01 -0.15330770E+02  0.59114857E+01
  0.29950000E+01 -0.19151998E+02  0.62045249E+01
  0.30000000E+01 -0.23261691E+02  0.54964511E+01
  0.30050000E+01 -0.26120701E+02  0.39525709E+01
  0.30100000E+01 -0.27318317E+02  0.22955245E+01
  0.30150000E+01 -0.27815135E+02  0.72052480E+00
  0.30200000E+01 -0.27225529E+02 -0.92034678E+00
  0.30250000E+01 -0.26203238E+02 -0.21820034E+01
  0.30300000E+01 -0.24779106E+02 -0.37316745E+01
  0.30350000E+01 -0.22222667E+02 -0.44387856E+01
  0.30400000E+01 -0.20585379E+02 -0.50519036E+01
  0.30450000E+01 -0.18840329E+02 -0.56388615E+01
  0.30500000E+01 -0.16630347E+02 -0.59630769E+01
  0.30550000E+01 -0.14762833E+02 -0.62897076E+01
  0.30600000E+01 -0.10469461E+02 -0.62856980E+01
  0.30650000E+01 -0.61997033E+01 -0.54009524E+01
  0.30700000E+01 -0.40795146E+01 -0.31900149E+01
  0.30750000E+01 -0.33151669E+01 -0.11698939E+01
  0.30800000E+01 -0.53441329E+01  0.56407284E+00
  0.30850000E+01 -0.74478123E+01  0.16469759E+01
  0.30900000E+01 -0.98288139E+01  0.24785584E+01
  0.30950000E+01 -0.12555135E+02  0.35246951E+01
  0.31000000E+01 -0.17387546E+02  0.35442092E+01
  0.31050000E+01 -0.20612437E+02  0.25823850E+01
  0.31100000E+01 -0.22196179E+02  0.17106101E+01
  0.31150000E+01 -0.22487857E+02  0.90457742E+00
  0.31200000E+01 -0.23195920E+02  0.39044239E+00
  0.31250000E+01 -0.23606227E+02 -0.40918592E+00
  0.31300000E+01 -0.23206204E+02 -0.73996226E+00
  0.31350000E+01 -0.23320023E+02 -0.11115055E+01
  0.31400000E+01 -0.23515364E+02 -0.12689957E+01
  0.31450000E+01 -0.24036667E+02 -0.19809268E+01
  0.31500000E+01 -0.22290738E+02 -0.25202525E+01
  0.31550000E+01 -0.20889984E+02 -0.23061364E+01
  0.31600000E+01 -0.19312887E+02 -0.16967458E+01
  0.31650000E+01 -0.15802360E+02 -0.39878223E+00
  0.31700000E+01 -0.17458995E+02  0.28304140E+01
  0.31750000E+01 -0.22675692E+02  0.52297227E+01
  0.31800000E+01 -0.31715243E+02  0.60562751E+01
  0.31850000E+01 -0.40622409E+02  0.42887696E+01
  0.31900000E+01 -0.45888731E+02  0.96733625E+00
  0.31950000E+01 -0.46592753E+02 -0.21642806E+01
  0.32000000E+01 -0.46954761E+02 -0.43725393E+01
  0.32050000E+01 -0.46855301E+02 -0.59746263E+01
  0.32100000E+01 -0.48592296E+02 -0.66145026E+01
  0.32150000E+01 -0.53115993E+02 -0.81825500E+01
  0.32200000E+01 -0.56393212E+02 -0.11563724E+02
  0.32250000E+01 -0.55867423E+02 -0.14822220E+02
  0.32300000E+01 -0.52963329E+02 -0.17238804E+02
  0.32350000E+01 -0.51330177E+02 -0.18802852E+02
  0.32400000E+01 -0.49187002E+02 -0.20830335E+02
  0.32450000E+01 -0.44922861E+02 -0.22279079E+02
  0.32500000E+01 -0.41489101E+02 -0.22518435E+02
  0.32550000E+01 -0.40846239E+02 -0.22843784E+02
  0.32600000E+01 -0.39758029E+02 -0.24026605E+02
  0.32650000E+01 -0.34445031E+02 -0.24141134E+02
  0.32700000E+01 -0.35998897E+02 -0.22129417E+02
  0.32750000E+01 -0.40088853E+02 -0.22163103E+02
  0.32800000E+01 -0.44354078E+02 -0.23851388E+02
  0.32850000E+01 -0.46487231E+02 -0.26957345E+02
  0.32900000E+01 -0.44816455E+02 -0.31930439E+02
  0.32950000E+01 -0.37145602E+02 -0.35434462E+02
  0.33000000E+01 -0.25445793E+02 -0.36585522E+02
  0.33050000E+01 -0.15162901E+02 -0.35195551E+02
  0.33100000E+01 -0.85720496E+01 -0.32996260E+02
  0.33150000E+01 -0.43149989E+01 -0.29761744E+02
  0.33200000E+01 -0.35403599E+01 -0.26885159E+02
  0.33250000E+01 -0.47468062E+01 -0.25003888E+02
  0.33300000E+01 -0.46550967E+01 -0.23914920E+02
  0.33350000E+01 -0.37814277E+01 -0.23581865E+02
  0.33400000E+01 -0.15361007E+01 -0.22756314E+02
  0.33450000E+01  0.17259544E+00 -0.21507879E+02
  0.33500000E+01  0.11976983E+01 -0.19751962E+02
  0.33550000E+01 -0.12454046E+00 -0.18406515E+02
  0.33600000E+01 -0.61862123E+00 -0.17613176E+02
  0.33650000E+01 -0.70287268E+00 -0.17666232E+02
  0.33700000E+01  0.21985747E-01 -0.16456823E+02
  0.33750000E+01 -0.11876094E+01 -0.15594163E+02
  0.33800000E+01 -0.18655652E+01 -0.14554813E+02
  0.33850000E+01 -0.31413766E+01 -0.14406413E+02
  0.33900000E+01 -0.48854367E+01 -0.13645850E+02
  0.33950000E+01 -0.89744650E+01 -0.13874275E+02
  0.34000000E+01 -0.10899756E+02 -0.14344698E+02
  0.34050000E+01 -0.12922879E+02 -0.14883228E+02
  0.34100000E+01 -0.13730467E+02 -0.15913380E+02
  0.34150000E+01 -0.14312826E+02 -0.15663067E+02
  0.34200000E+01 -0.14115663E+02 -0.16622351E+02
  0.34250000E+01 -0.13992863E+02 -0.17365679E+02
  0.34300000E+01 -0.13800771E+02 -0.17643311E+02
  0.34350000E+01 -0.13148046E+02 -0.18150280E+02
  0.34400000E+01 -0.11623082E+02 -0.18214978E+02
  0.34450000E+01 -0.10616042E+02 -0.17741441E+02
  0.34500000E+01 -0.10847715E+02 -0.17262710E+02
  0.34550000E+01 -0.12058833E+02 -0.16798657E+02
  0.34600000E+01 -0.13990452E+02 -0.16911600E+02
  0.34650000E+01 -0.15551356E+02 -0.17294972E+02
  0.34700000E+01 -0.16407806E+02 -0.18132105E+02
  0.34750000E+01 -0.16078272E+02 -0.18899167E+02
  0.34800000E+01 -0.16982652E+02 -0.19400637E+02
  0.34850000E+01 -0.17613132E+02 -0.20583797E+02
  0.34900000E+01 -0.16838990E+02 -0.22406373E+02
  0.34950000E+01 -0.12636589E+02 -0.23775226E+02
  0.35000000E+01 -0.85717550E+01 -0.23754155E+02
