  0.15000000E+01  0.33075056E+04 -0.69083602E+03
  0.15050000E+01  0.32914579E+04 -0.69314657E+03
  0.15100000E+01  0.32769320E+04 -0.69424864E+03
  0.15150000E+01  0.32586903E+04 -0.69407001E+03
  0.15200000E+01  0.32386409E+04 -0.69535104E+03
  0.15250000E+01  0.32149846E+04 -0.69602510E+03
  0.15300000E+01  0.31880533E+04 -0.69831876E+03
  0.15350000E+01  0.31618524E+04 -0.70523105E+03
  0.15400000E+01  0.31440745E+04 -0.71335322E+03
  0.15450000E+01  0.31311431E+04 -0.71995985E+03
  0.15500000E+01  0.31148426E+04 -0.72390537E+03
  0.15550000E+01  0.30918892E+04 -0.72796057E+03
  0.15600000E+01  0.30648364E+04 -0.73369055E+03
  0.15650000E+01  0.30337714E+04 -0.74111847E+03
  0.15700000E+01  0.29998002E+04 -0.75100358E+03
  0.15750000E+01  0.29662401E+04 -0.76301241E+03
  0.15800000E+01  0.29319707E+04 -0.77580878E+03
  0.15850000E+01  0.28971556E+04 -0.79126811E+03
  0.15900000E+01  0.28662330E+04 -0.80844323E+03
  0.15950000E+01  0.28358660E+04 -0.82604226E+03
  0.16000000E+01  0.28051260E+04 -0.84600728E+03
  0.16050000E+01  0.27802080E+04 -0.86785096E+03
  0.16100000E+01  0.27598423E+04 -0.88937682E+03
  0.16150000E+01  0.27427869E+04 -0.91102352E+03
  0.16200000E+01  0.27242500E+04 -0.93298036E+03
  0.16250000E+01  0.27171879E+04 -0.95797170E+03
  0.16300000E+01  0.27195888E+04 -0.97799758E+03
  0.16350000E+01  0.27240494E+04 -0.99583972E+03
  0.16400000E+01  0.27209092E+04 -0.10061174E+04
  0.16450000E+01  0.27045030E+04 -0.10244028E+04
  0.16500000E+01  0.26973453E+04 -0.10438758E+04
  0.16550000E+01  0.26982623E+04 -0.10647473E+04
  0.16600000E+01  0.27105913E+04 -0.10820360E+04
  0.16650000E+01  0.27156123E+04 -0.10903879E+04
  0.16700000E+01  0.27069826E+04 -0.10943051E+04
  0.16750000E+01  0.26757508E+04 -0.11105925E+04
  0.16800000E+01  0.26598201E+04 -0.11306676E+04
  0.16850000E+01  0.26489033E+04 -0.11506839E+04
  0.16900000E+01  0.26385050E+04 -0.11695428E+04
  0.16950000E+01  0.26284563E+04 -0.11889503E+04
  0.17000000E+01  0.26209874E+04 -0.12067315E+04
  0.17050000E+01  0.26117206E+04 -0.12227546E+04
  0.17100000E+01  0.25908657E+04 -0.12373232E+04
  0.17150000E+01  0.25683826E+04 -0.12567125E+04
  0.17200000E+01  0.25439320E+04 -0.12788601E+04
  0.17250000E+01  0.25205071E+04 -0.13065614E+04
  0.17300000E+01  0.25078566E+04 -0.13372373E+04
  0.17350000E+01  0.25041074E+04 -0.13681645E+04
  0.17400000E+01  0.25062404E+04 -0.13981392E+04
  0.17450000E+01  0.25139003E+04 -0.14275118E+04
  0.17500000E+01  0.25276571E+04 -0.14549183E+04
  0.17550000E+01  0.25432190E+04 -0.14767602E+04
  0.17600000E+01  0.25528711E+04 -0.14999174E+04
  0.17650000E+01  0.25615374E+04 -0.15203836E+04
  0.17700000E+01  0.25655794E+04 -0.15425231E+04
  0.17750000E+01  0.25719320E+04 -0.15659769E+04
  0.17800000E+01  0.25800316E+04 -0.15893418E+04
  0.17850000E+01  0.25893810E+04 -0.16125110E+04
  0.17900000E+01  0.25970387E+04 -0.16354835E+04
  0.17950000E+01  0.26076553E+04 -0.16596404E+04
  0.18000000E+01  0.26202743E+04 -0.16835958E+04
  0.18050000E+01  0.26393076E+04 -0.17056157E+04
  0.18100000E+01  0.26504490E+04 -0.17266790E+04
  0.18150000E+01  0.26663877E+04 -0.17475427E+04
  0.18200000E+01  0.26838491E+04 -0.17684477E+04
  0.18250000E+01  0.27037672E+04 -0.17856515E+04
  0.18300000E+01  0.27137013E+04 -0.18047236E+04
  0.18350000E+01  0.27247757E+04 -0.18209339E+04
  0.18400000E+01  0.27328961E+04 -0.18407335E+04
  0.18450000E+01  0.27414071E+04 -0.18608094E+04
  0.18500000E+01  0.27509483E+04 -0.18814326E+04
  0.18550000E+01  0.27624942E+04 -0.19033075E+04
  0.18600000E+01  0.27798252E+04 -0.19253947E+04
  0.18650000E+01  0.27922689E+04 -0.19421075E+04
  0.18700000E+01  0.28050924E+04 -0.19626406E+04
  0.18750000E+01  0.28150677E+04 -0.19823619E+04
  0.18800000E+01  0.28259089E+04 -0.20031478E+04
  0.18850000E+01  0.28370342E+04 -0.20239996E+04
  0.18900000E+01  0.28475820E+04 -0.20455886E+04
  0.18950000E+01  0.28615637E+04 -0.20665106E+04
  0.19000000E+01  0.28722958E+04 -0.20870940E+04
  0.19050000E+01  0.28819990E+04 -0.21091061E+04
  0.19100000E+01  0.28941462E+04 -0.21320362E+04
  0.19150000E+01  0.29076258E+04 -0.21552041E+04
  0.19200000E+01  0.29229547E+04 -0.21787074E+04
  0.19250000E+01  0.29410321E+04 -0.22022378E+04
  0.19300000E+01  0.29616094E+04 -0.22252613E+04
  0.19350000E+01  0.29843635E+04 -0.22476552E+04
  0.19400000E+01  0.30094361E+04 -0.22695876E+04
  0.19450000E+01  0.30383450E+04 -0.22905727E+04
  0.19500000E+01  0.30705949E+04 -0.23083059E+04
  0.19550000E+01  0.30968247E+04 -0.23230153E+04
  0.19600000E+01  0.31160160E+04 -0.23385134E+04
  0.19650000E+01  0.31343018E+04 -0.23566714E+04
  0.19700000E+01  0.31570772E+04 -0.23757590E+04
  0.19750000E+01  0.31821052E+04 -0.23945684E+04
  0.19800000E+01  0.32084843E+04 -0.24134723E+04
  0.19850000E+01  0.32373628E+04 -0.24318177E+04
  0.19900000E+01  0.32679069E+04 -0.24489080E+04
  0.19950000E+01  0.32971885E+04 -0.24644802E+04
  0.20000000E+01  0.33248721E+04 -0.24801485E+04
  0.20050000E+01  0.33531905E+04 -0.24962407E+04
  0.20100000E+01  0.33835042E+04 -0.25122683E+04
  0.20150000E+01  0.34161134E+04 -0.25277093E+04
  0.20200000E+01  0.34511153E+04 -0.25424476E+04
  0.20250000E+01  0.34895008E+04 -0.25559313E+04
  0.20300000E+01  0.35313717E+04 -0.25667597E+04
  0.20350000E+01  0.35717812E+04 -0.25735709E+04
  0.20400000E+01  0.36053424E+04 -0.25805639E+04
  0.20450000E+01  0.36420599E+04 -0.25890679E+04
  0.20500000E+01  0.36883102E+04 -0.25959352E+04
  0.20550000E+01  0.37351317E+04 -0.25970033E+04
  0.20600000E+01  0.37883292E+04 -0.25965299E+04
  0.20650000E+01  0.38514272E+04 -0.25866290E+04
  0.20700000E+01  0.39018617E+04 -0.25695229E+04
  0.20750000E+01  0.39672012E+04 -0.25414579E+04
  0.20800000E+01  0.39900787E+04 -0.24914860E+04
  0.20850000E+01  0.39479518E+04 -0.24502112E+04
  0.20900000E+01  0.38866603E+04 -0.24313206E+04
  0.20950000E+01  0.38329959E+04 -0.24238698E+04
  0.21000000E+01  0.37859836E+04 -0.24216309E+04
  0.21050000E+01  0.37298955E+04 -0.24231907E+04
  0.21100000E+01  0.36836088E+04 -0.24355982E+04
  0.21150000E+01  0.36487146E+04 -0.24541586E+04
  0.21200000E+01  0.36277045E+04 -0.24750446E+04
  0.21250000E+01  0.36164178E+04 -0.24961457E+04
  0.21300000E+01  0.36110894E+04 -0.25171161E+04
  0.21350000E+01  0.36134185E+04 -0.25387102E+04
  0.21400000E+01  0.36260980E+04 -0.25585436E+04
  0.21450000E+01  0.36428611E+04 -0.25735465E+04
  0.21500000E+01  0.36478086E+04 -0.25848054E+04
  0.21550000E+01  0.36463766E+04 -0.26003241E+04
  0.21600000E+01  0.36488641E+04 -0.26184325E+04
  0.21650000E+01  0.36544929E+04 -0.26358836E+04
  0.21700000E+01  0.36594514E+04 -0.26554143E+04
  0.21750000E+01  0.36696309E+04 -0.26751549E+04
  0.21800000E+01  0.36822779E+04 -0.26949337E+04
  0.21850000E+01  0.36978675E+04 -0.27143702E+04
  0.21900000E+01  0.37161517E+04 -0.27331918E+04
  0.21950000E+01  0.37380907E+04 -0.27506153E+04
  0.22000000E+01  0.37583512E+04 -0.27650592E+04
  0.22050000E+01  0.37748119E+04 -0.27775510E+04
  0.22100000E+01  0.37827543E+04 -0.27898973E+04
  0.22150000E+01  0.37851547E+04 -0.28053023E+04
  0.22200000E+01  0.37885193E+04 -0.28242888E+04
  0.22250000E+01  0.37964891E+04 -0.28451159E+04
  0.22300000E+01  0.38119675E+04 -0.28672353E+04
  0.22350000E+01  0.38370493E+04 -0.28870441E+04
  0.22400000E+01  0.38609444E+04 -0.29046640E+04
  0.22450000E+01  0.38869865E+04 -0.29206167E+04
  0.22500000E+01  0.39096143E+04 -0.29352506E+04
  0.22550000E+01  0.39285220E+04 -0.29491111E+04
  0.22600000E+01  0.39415093E+04 -0.29656378E+04
  0.22650000E+01  0.39625517E+04 -0.29804833E+04
  0.22700000E+01  0.39798143E+04 -0.29971826E+04
  0.22750000E+01  0.39992742E+04 -0.30169351E+04
  0.22800000E+01  0.40276837E+04 -0.30379760E+04
  0.22850000E+01  0.40639678E+04 -0.30586981E+04
  0.22900000E+01  0.41076244E+04 -0.30772411E+04
  0.22950000E+01  0.41556555E+04 -0.30929662E+04
  0.23000000E+01  0.42092684E+04 -0.31028845E+04
  0.23050000E+01  0.42570037E+04 -0.31084113E+04
  0.23100000E+01  0.42866348E+04 -0.31130683E+04
  0.23150000E+01  0.43175245E+04 -0.31204930E+04
  0.23200000E+01  0.43488691E+04 -0.31278152E+04
  0.23250000E+01  0.43734797E+04 -0.31358740E+04
  0.23300000E+01  0.43996929E+04 -0.31475679E+04
  0.23350000E+01  0.44318546E+04 -0.31592059E+04
  0.23400000E+01  0.44688946E+04 -0.31697926E+04
  0.23450000E+01  0.45030693E+04 -0.31757142E+04
  0.23500000E+01  0.45326803E+04 -0.31841664E+04
  0.23550000E+01  0.45651650E+04 -0.31943605E+04
  0.23600000E+01  0.46014347E+04 -0.32021478E+04
  0.23650000E+01  0.46307615E+04 -0.32077687E+04
  0.23700000E+01  0.46591252E+04 -0.32163594E+04
  0.23750000E+01  0.46926751E+04 -0.32240112E+04
  0.23800000E+01  0.47227828E+04 -0.32302665E+04
  0.23850000E+01  0.47430802E+04 -0.32393920E+04
  0.23900000E+01  0.47739404E+04 -0.32524594E+04
  0.23950000E+01  0.48094623E+04 -0.32623643E+04
  0.24000000E+01  0.48399620E+04 -0.32729759E+04
  0.24050000E+01  0.48719612E+04 -0.32872298E+04
  0.24100000E+01  0.49110228E+04 -0.33035247E+04
  0.24150000E+01  0.49590666E+04 -0.33200849E+04
  0.24200000E+01  0.50122589E+04 -0.33348463E+04
  0.24250000E+01  0.50746262E+04 -0.33507867E+04
  0.24300000E+01  0.51595948E+04 -0.33658433E+04
  0.24350000E+01  0.52613569E+04 -0.33607624E+04
  0.24400000E+01  0.53460711E+04 -0.33543796E+04
  0.24450000E+01  0.54447260E+04 -0.33413395E+04
  0.24500000E+01  0.55178782E+04 -0.33072549E+04
  0.24550000E+01  0.55568387E+04 -0.32821961E+04
  0.24600000E+01  0.55981877E+04 -0.32592258E+04
  0.24650000E+01  0.56199110E+04 -0.32452663E+04
  0.24700000E+01  0.56572866E+04 -0.32363642E+04
  0.24750000E+01  0.57010960E+04 -0.32262406E+04
  0.24800000E+01  0.57496705E+04 -0.32151251E+04
  0.24850000E+01  0.57981941E+04 -0.32010921E+04
  0.24900000E+01  0.58454211E+04 -0.31856360E+04
  0.24950000E+01  0.58900430E+04 -0.31681221E+04
  0.25000000E+01  0.59346858E+04 -0.31488092E+04
  0.25050000E+01  0.59714041E+04 -0.31267305E+04
  0.25100000E+01  0.60091310E+04 -0.31047939E+04
  0.25150000E+01  0.60435514E+04 -0.30788497E+04
  0.25200000E+01  0.60661031E+04 -0.30478672E+04
  0.25250000E+01  0.60730658E+04 -0.30216864E+04
  0.25300000E+01  0.60780355E+04 -0.30004007E+04
  0.25350000E+01  0.60831279E+04 -0.29800827E+04
  0.25400000E+01  0.60907678E+04 -0.29612856E+04
  0.25450000E+01  0.60977763E+04 -0.29403158E+04
  0.25500000E+01  0.60939099E+04 -0.29204111E+04
  0.25550000E+01  0.60840607E+04 -0.29042026E+04
  0.25600000E+01  0.60799890E+04 -0.28930666E+04
  0.25650000E+01  0.60805848E+04 -0.28806563E+04
  0.25700000E+01  0.60782893E+04 -0.28683754E+04
  0.25750000E+01  0.60759673E+04 -0.28566056E+04
  0.25800000E+01  0.60705662E+04 -0.28443856E+04
  0.25850000E+01  0.60615970E+04 -0.28357862E+04
  0.25900000E+01  0.60558140E+04 -0.28276660E+04
  0.25950000E+01  0.60457531E+04 -0.28186894E+04
  0.26000000E+01  0.60277749E+04 -0.28122933E+04
  0.26050000E+01  0.60074567E+04 -0.28095772E+04
  0.26100000E+01  0.59845748E+04 -0.28104400E+04
  0.26150000E+01  0.59627732E+04 -0.28163903E+04
  0.26200000E+01  0.59512320E+04 -0.28264917E+04
  0.26250000E+01  0.59481427E+04 -0.28381761E+04
  0.26300000E+01  0.59540097E+04 -0.28505218E+04
  0.26350000E+01  0.59662748E+04 -0.28619014E+04
  0.26400000E+01  0.59834653E+04 -0.28717708E+04
  0.26450000E+01  0.59998551E+04 -0.28805246E+04
  0.26500000E+01  0.60180599E+04 -0.28898449E+04
  0.26550000E+01  0.60409679E+04 -0.28994468E+04
  0.26600000E+01  0.60672582E+04 -0.29071933E+04
  0.26650000E+01  0.60902600E+04 -0.29132210E+04
  0.26700000E+01  0.61121746E+04 -0.29208631E+04
  0.26750000E+01  0.61353595E+04 -0.29289293E+04
  0.26800000E+01  0.61593516E+04 -0.29372530E+04
  0.26850000E+01  0.61859011E+04 -0.29453508E+04
  0.26900000E+01  0.62094836E+04 -0.29533690E+04
  0.26950000E+01  0.62388992E+04 -0.29623808E+04
  0.27000000E+01  0.62664186E+04 -0.29709989E+04
  0.27050000E+01  0.62977062E+04 -0.29811960E+04
  0.27100000E+01  0.63344955E+04 -0.29909473E+04
  0.27150000E+01  0.63722690E+04 -0.29994480E+04
  0.27200000E+01  0.64134935E+04 -0.30086324E+04
  0.27250000E+01  0.64598289E+04 -0.30168149E+04
  0.27300000E+01  0.65090688E+04 -0.30234199E+04
  0.27350000E+01  0.65604439E+04 -0.30282315E+04
  0.27400000E+01  0.66132457E+04 -0.30324713E+04
  0.27450000E+01  0.66717372E+04 -0.30353945E+04
  0.27500000E+01  0.67364162E+04 -0.30344591E+04
  0.27550000E+01  0.67944485E+04 -0.30293690E+04
  0.27600000E+01  0.68490908E+04 -0.30231031E+04
  0.27650000E+01  0.68988254E+04 -0.30177260E+04
  0.27700000E+01  0.69503767E+04 -0.30139503E+04
  0.27750000E+01  0.70160954E+04 -0.30097080E+04
  0.27800000E+01  0.70836580E+04 -0.29932883E+04
  0.27850000E+01  0.71359031E+04 -0.29807719E+04
  0.27900000E+01  0.71924903E+04 -0.29707701E+04
  0.27950000E+01  0.72632307E+04 -0.29603931E+04
  0.28000000E+01  0.73375667E+04 -0.29432780E+04
  0.28050000E+01  0.74044665E+04 -0.29212043E+04
  0.28100000E+01  0.74645600E+04 -0.28990223E+04
  0.28150000E+01  0.75311524E+04 -0.28771605E+04
  0.28200000E+01  0.75965505E+04 -0.28495886E+04
  0.28250000E+01  0.76538612E+04 -0.28182727E+04
  0.28300000E+01  0.76984345E+04 -0.27743398E+04
  0.28350000E+01  0.77253729E+04 -0.27404773E+04
  0.28400000E+01  0.77403657E+04 -0.27117304E+04
  0.28450000E+01  0.77704053E+04 -0.26853104E+04
  0.28500000E+01  0.77958366E+04 -0.26559872E+04
  0.28550000E+01  0.78210011E+04 -0.26306709E+04
  0.28600000E+01  0.78584497E+04 -0.26002013E+04
  0.28650000E+01  0.78896022E+04 -0.25644326E+04
  0.28700000E+01  0.78952778E+04 -0.25231744E+04
  0.28750000E+01  0.78812518E+04 -0.24913663E+04
  0.28800000E+01  0.78674804E+04 -0.24682052E+04
  0.28850000E+01  0.78614473E+04 -0.24502347E+04
  0.28900000E+01  0.78623697E+04 -0.24349270E+04
  0.28950000E+01  0.78736949E+04 -0.24197170E+04
  0.29000000E+01  0.78864223E+04 -0.24012842E+04
  0.29050000E+01  0.78906641E+04 -0.23802446E+04
  0.29100000E+01  0.78845848E+04 -0.23627600E+04
  0.29150000E+01  0.78807327E+04 -0.23505301E+04
  0.29200000E+01  0.78848014E+04 -0.23394614E+04
  0.29250000E+01  0.78882742E+04 -0.23282565E+04
  0.29300000E+01  0.78940258E+04 -0.23196874E+04
  0.29350000E+01  0.79088670E+04 -0.23123372E+04
  0.29400000E+01  0.79267925E+04 -0.23034139E+04
  0.29450000E+01  0.79475151E+04 -0.22959826E+04
  0.29500000E+01  0.79783557E+04 -0.22888060E+04
  0.29550000E+01  0.80206072E+04 -0.22785521E+04
  0.29600000E+01  0.80669980E+04 -0.22617639E+04
  0.29650000E+01  0.81077494E+04 -0.22368901E+04
  0.29700000E+01  0.81291449E+04 -0.22092007E+04
  0.29750000E+01  0.81402941E+04 -0.21854778E+04
  0.29800000E+01  0.81460376E+04 -0.21650356E+04
  0.29850000E+01  0.81539834E+04 -0.21480850E+04
  0.29900000E+01  0.81658178E+04 -0.21322470E+04
  0.29950000E+01  0.81820413E+04 -0.21155759E+04
  0.30000000E+01  0.81979404E+04 -0.20979256E+04
  0.30050000E+01  0.82063619E+04 -0.20800752E+04
  0.30100000E+01  0.82126931E+04 -0.20642891E+04
  0.30150000E+01  0.82195219E+04 -0.20522712E+04
  0.30200000E+01  0.82325175E+04 -0.20416642E+04
  0.30250000E+01  0.82515774E+04 -0.20314551E+04
  0.30300000E+01  0.82731936E+04 -0.20192008E+04
  0.30350000E+01  0.82958391E+04 -0.20068649E+04
  0.30400000E+01  0.83213045E+04 -0.19950709E+04
  0.30450000E+01  0.83557108E+04 -0.19818421E+04
  0.30500000E+01  0.83900539E+04 -0.19650336E+04
  0.30550000E+01  0.84259558E+04 -0.19432365E+04
  0.30600000E+01  0.84603911E+04 -0.19228287E+04
  0.30650000E+01  0.84976341E+04 -0.18991845E+04
  0.30700000E+01  0.85351727E+04 -0.18690619E+04
  0.30750000E+01  0.85616000E+04 -0.18352072E+04
  0.30800000E+01  0.85735607E+04 -0.17986509E+04
  0.30850000E+01  0.85756327E+04 -0.17645567E+04
  0.30900000E+01  0.85728825E+04 -0.17356312E+04
  0.30950000E+01  0.85781040E+04 -0.17091734E+04
  0.31000000E+01  0.85944605E+04 -0.16811233E+04
  0.31050000E+01  0.86068340E+04 -0.16458076E+04
  0.31100000E+01  0.86024760E+04 -0.16037456E+04
  0.31150000E+01  0.85583762E+04 -0.15655158E+04
  0.31200000E+01  0.85045866E+04 -0.15436916E+04
  0.31250000E+01  0.84566683E+04 -0.15312134E+04
  0.31300000E+01  0.84189125E+04 -0.15267474E+04
  0.31350000E+01  0.83946529E+04 -0.15277164E+04
  0.31400000E+01  0.83847272E+04 -0.15293750E+04
  0.31450000E+01  0.83857269E+04 -0.15299670E+04
  0.31500000E+01  0.83886552E+04 -0.15284844E+04
  0.31550000E+01  0.83940673E+04 -0.15279879E+04
  0.31600000E+01  0.84040277E+04 -0.15282112E+04
  0.31650000E+01  0.84277680E+04 -0.15297363E+04
  0.31700000E+01  0.84651052E+04 -0.15294106E+04
  0.31750000E+01  0.85173018E+04 -0.15210501E+04
  0.31800000E+01  0.85551745E+04 -0.15054672E+04
  0.31850000E+01  0.85908847E+04 -0.14935532E+04
  0.31900000E+01  0.86412029E+04 -0.14809090E+04
  0.31950000E+01  0.86981368E+04 -0.14621794E+04
  0.32000000E+01  0.87582660E+04 -0.14384752E+04
  0.32050000E+01  0.88189608E+04 -0.14058100E+04
  0.32100000E+01  0.88608888E+04 -0.13657785E+04
  0.32150000E+01  0.88800474E+04 -0.13228698E+04
  0.32200000E+01  0.88772134E+04 -0.12835170E+04
  0.32250000E+01  0.88688131E+04 -0.12593177E+04
  0.32300000E+01  0.88741678E+04 -0.12376589E+04
  0.32350000E+01  0.88886943E+04 -0.12199146E+04
  0.32400000E+01  0.89155736E+04 -0.12009088E+04
  0.32450000E+01  0.89423414E+04 -0.11785781E+04
  0.32500000E+01  0.89696565E+04 -0.11543736E+04
  0.32550000E+01  0.89900627E+04 -0.11289342E+04
  0.32600000E+01  0.90023966E+04 -0.11058458E+04
  0.32650000E+01  0.90251221E+04 -0.10892602E+04
  0.32700000E+01  0.90568270E+04 -0.10729827E+04
  0.32750000E+01  0.91079141E+04 -0.10570392E+04
  0.32800000E+01  0.91647794E+04 -0.10366412E+04
  0.32850000E+01  0.92346376E+04 -0.10169813E+04
  0.32900000E+01  0.93298474E+04 -0.99013445E+03
  0.32950000E+01  0.94390009E+04 -0.94974250E+03
  0.33000000E+01  0.95646450E+04 -0.88811400E+03
  0.33050000E+01  0.96268066E+04 -0.79432695E+03
  0.33100000E+01  0.96222793E+04 -0.71741853E+03
  0.33150000E+01  0.96036344E+04 -0.65968274E+03
  0.33200000E+01  0.95970070E+04 -0.61595616E+03
  0.33250000E+01  0.96095658E+04 -0.57456012E+03
  0.33300000E+01  0.96306764E+04 -0.53171798E+03
  0.33350000E+01  0.96605986E+04 -0.48681783E+03
  0.33400000E+01  0.96969756E+04 -0.43223435E+03
  0.33450000E+01  0.96944443E+04 -0.37402603E+03
  0.33500000E+01  0.96952640E+04 -0.31938176E+03
  0.33550000E+01  0.96879691E+04 -0.27461414E+03
  0.33600000E+01  0.96976579E+04 -0.23510450E+03
  0.33650000E+01  0.97321538E+04 -0.19382998E+03
  0.33700000E+01  0.97816237E+04 -0.14160330E+03
  0.33750000E+01  0.98267149E+04 -0.76486584E+02
  0.33800000E+01  0.98596211E+04 -0.21688600E+01
  0.33850000E+01  0.98832194E+04  0.86700547E+02
  0.33900000E+01  0.98471773E+04  0.18190825E+03
  0.33950000E+01  0.97691151E+04  0.26665588E+03
  0.34000000E+01  0.96712520E+04  0.33250342E+03
  0.34050000E+01  0.95801805E+04  0.38449622E+03
  0.34100000E+01  0.95056463E+04  0.43181969E+03
  0.34150000E+01  0.94385308E+04  0.48298073E+03
  0.34200000E+01  0.93581924E+04  0.53998717E+03
  0.34250000E+01  0.92399166E+04  0.59080445E+03
  0.34300000E+01  0.91063882E+04  0.62628032E+03
  0.34350000E+01  0.89741892E+04  0.65026445E+03
  0.34400000E+01  0.88383070E+04  0.66263877E+03
  0.34450000E+01  0.87147707E+04  0.66201802E+03
  0.34500000E+01  0.86021285E+04  0.65420985E+03
  0.34550000E+01  0.85050486E+04  0.63757046E+03
  0.34600000E+01  0.84251212E+04  0.61587706E+03
  0.34650000E+01  0.83639882E+04  0.59100689E+03
  0.34700000E+01  0.83180663E+04  0.56354161E+03
  0.34750000E+01  0.82905679E+04  0.53438806E+03
  0.34800000E+01  0.82819582E+04  0.50664433E+03
  0.34850000E+01  0.82914137E+04  0.48047718E+03
  0.34900000E+01  0.83155069E+04  0.46034486E+03
  0.34950000E+01  0.83494593E+04  0.44384779E+03
  0.35000000E+01  0.83908753E+04  0.43264371E+03
