  0.15000000E+01  0.26065649E+04 -0.28746961E+04
  0.15050000E+01  0.26447788E+04 -0.28759770E+04
  0.15100000E+01  0.26885779E+04 -0.28761542E+04
  0.15150000E+01  0.27401674E+04 -0.28721426E+04
  0.15200000E+01  0.27956958E+04 -0.28543375E+04
  0.15250000E+01  0.27983788E+04 -0.28338277E+04
  0.15300000E+01  0.28003292E+04 -0.28252737E+04
  0.15350000E+01  0.28048759E+04 -0.28197603E+04
  0.15400000E+01  0.28093713E+04 -0.28159620E+04
  0.15450000E+01  0.28167816E+04 -0.28149959E+04
  0.15500000E+01  0.28284454E+04 -0.28149406E+04
  0.15550000E+01  0.28458770E+04 -0.28135728E+04
  0.15600000E+01  0.28534650E+04 -0.28085080E+04
  0.15650000E+01  0.28583797E+04 -0.28076584E+04
  0.15700000E+01  0.28653782E+04 -0.28088259E+04
  0.15750000E+01  0.28762270E+04 -0.28106665E+04
  0.15800000E+01  0.28904729E+04 -0.28119679E+04
  0.15850000E+01  0.29046379E+04 -0.28126056E+04
  0.15900000E+01  0.29222717E+04 -0.28128337E+04
  0.15950000E+01  0.29414583E+04 -0.28120578E+04
  0.16000000E+01  0.29584902E+04 -0.28084453E+04
  0.16050000E+01  0.29733795E+04 -0.28049030E+04
  0.16100000E+01  0.29841255E+04 -0.28022526E+04
  0.16150000E+01  0.29988250E+04 -0.28007869E+04
  0.16200000E+01  0.30170945E+04 -0.27995743E+04
  0.16250000E+01  0.30401147E+04 -0.27972930E+04
  0.16300000E+01  0.30785226E+04 -0.27945054E+04
  0.16350000E+01  0.31214471E+04 -0.27773507E+04
  0.16400000E+01  0.31454040E+04 -0.27581745E+04
  0.16450000E+01  0.31603029E+04 -0.27417608E+04
  0.16500000E+01  0.31794932E+04 -0.27256254E+04
  0.16550000E+01  0.31972452E+04 -0.27061251E+04
  0.16600000E+01  0.31983264E+04 -0.26830378E+04
  0.16650000E+01  0.31898871E+04 -0.26644950E+04
  0.16700000E+01  0.31792382E+04 -0.26463216E+04
  0.16750000E+01  0.31585068E+04 -0.26263742E+04
  0.16800000E+01  0.31193002E+04 -0.26081862E+04
  0.16850000E+01  0.30689274E+04 -0.25965990E+04
  0.16900000E+01  0.30155061E+04 -0.25925601E+04
  0.16950000E+01  0.29631758E+04 -0.25942023E+04
  0.17000000E+01  0.29170936E+04 -0.26017084E+04
  0.17050000E+01  0.28797969E+04 -0.26119922E+04
  0.17100000E+01  0.28455117E+04 -0.26238573E+04
  0.17150000E+01  0.28165905E+04 -0.26393253E+04
  0.17200000E+01  0.27930320E+04 -0.26545982E+04
  0.17250000E+01  0.27692427E+04 -0.26719686E+04
  0.17300000E+01  0.27500956E+04 -0.26903860E+04
  0.17350000E+01  0.27369871E+04 -0.27109872E+04
  0.17400000E+01  0.27279979E+04 -0.27311579E+04
  0.17450000E+01  0.27220837E+04 -0.27508508E+04
  0.17500000E+01  0.27172750E+04 -0.27682357E+04
  0.17550000E+01  0.27084247E+04 -0.27866866E+04
  0.17600000E+01  0.27030490E+04 -0.28066177E+04
  0.17650000E+01  0.26977785E+04 -0.28263996E+04
  0.17700000E+01  0.26931737E+04 -0.28472451E+04
  0.17750000E+01  0.26912163E+04 -0.28687590E+04
  0.17800000E+01  0.26922188E+04 -0.28903999E+04
  0.17850000E+01  0.26952367E+04 -0.29114961E+04
  0.17900000E+01  0.26987193E+04 -0.29321514E+04
  0.17950000E+01  0.27023043E+04 -0.29524949E+04
  0.18000000E+01  0.27056603E+04 -0.29741548E+04
  0.18050000E+01  0.27120295E+04 -0.29961328E+04
  0.18100000E+01  0.27205344E+04 -0.30174106E+04
  0.18150000E+01  0.27292833E+04 -0.30382368E+04
  0.18200000E+01  0.27376561E+04 -0.30593122E+04
  0.18250000E+01  0.27453873E+04 -0.30808644E+04
  0.18300000E+01  0.27544559E+04 -0.31040471E+04
  0.18350000E+01  0.27675475E+04 -0.31279641E+04
  0.18400000E+01  0.27852906E+04 -0.31507180E+04
  0.18450000E+01  0.28027750E+04 -0.31691454E+04
  0.18500000E+01  0.28164934E+04 -0.31924477E+04
  0.18550000E+01  0.28344258E+04 -0.32132271E+04
  0.18600000E+01  0.28484680E+04 -0.32363745E+04
  0.18650000E+01  0.28657891E+04 -0.32602395E+04
  0.18700000E+01  0.28855856E+04 -0.32846974E+04
  0.18750000E+01  0.29084855E+04 -0.33094601E+04
  0.18800000E+01  0.29343669E+04 -0.33344610E+04
  0.18850000E+01  0.29647162E+04 -0.33595318E+04
  0.18900000E+01  0.30004112E+04 -0.33834139E+04
  0.18950000E+01  0.30374615E+04 -0.34047998E+04
  0.19000000E+01  0.30783522E+04 -0.34266705E+04
  0.19050000E+01  0.31245466E+04 -0.34468834E+04
  0.19100000E+01  0.31775189E+04 -0.34645625E+04
  0.19150000E+01  0.32337076E+04 -0.34784164E+04
  0.19200000E+01  0.32953456E+04 -0.34890232E+04
  0.19250000E+01  0.33630002E+04 -0.34933193E+04
  0.19300000E+01  0.34126474E+04 -0.34899021E+04
  0.19350000E+01  0.34701439E+04 -0.34902070E+04
  0.19400000E+01  0.35114140E+04 -0.34781677E+04
  0.19450000E+01  0.35317699E+04 -0.34729307E+04
  0.19500000E+01  0.35493355E+04 -0.34726438E+04
  0.19550000E+01  0.35684879E+04 -0.34753438E+04
  0.19600000E+01  0.35904504E+04 -0.34800966E+04
  0.19650000E+01  0.36164637E+04 -0.34858148E+04
  0.19700000E+01  0.36458246E+04 -0.34912677E+04
  0.19750000E+01  0.36809948E+04 -0.34964281E+04
  0.19800000E+01  0.37237303E+04 -0.34983693E+04
  0.19850000E+01  0.37668690E+04 -0.34950654E+04
  0.19900000E+01  0.38019189E+04 -0.34831293E+04
  0.19950000E+01  0.38011858E+04 -0.34721627E+04
  0.20000000E+01  0.37941975E+04 -0.34726819E+04
  0.20050000E+01  0.37964548E+04 -0.34786967E+04
  0.20100000E+01  0.38081260E+04 -0.34865787E+04
  0.20150000E+01  0.38232146E+04 -0.34931189E+04
  0.20200000E+01  0.38443119E+04 -0.35012680E+04
  0.20250000E+01  0.38585250E+04 -0.35058496E+04
  0.20300000E+01  0.38733445E+04 -0.35156444E+04
  0.20350000E+01  0.38944611E+04 -0.35269547E+04
  0.20400000E+01  0.39218540E+04 -0.35387416E+04
  0.20450000E+01  0.39561252E+04 -0.35508611E+04
  0.20500000E+01  0.39993895E+04 -0.35613870E+04
  0.20550000E+01  0.40501666E+04 -0.35676701E+04
  0.20600000E+01  0.40984232E+04 -0.35671267E+04
  0.20650000E+01  0.41328278E+04 -0.35653486E+04
  0.20700000E+01  0.41667699E+04 -0.35669724E+04
  0.20750000E+01  0.42074381E+04 -0.35678739E+04
  0.20800000E+01  0.42478850E+04 -0.35683003E+04
  0.20850000E+01  0.42962880E+04 -0.35659430E+04
  0.20900000E+01  0.43367234E+04 -0.35612555E+04
  0.20950000E+01  0.43793420E+04 -0.35566560E+04
  0.21000000E+01  0.44273229E+04 -0.35448625E+04
  0.21050000E+01  0.44564701E+04 -0.35315309E+04
  0.21100000E+01  0.44779735E+04 -0.35203594E+04
  0.21150000E+01  0.44974469E+04 -0.35114035E+04
  0.21200000E+01  0.45177080E+04 -0.35042196E+04
  0.21250000E+01  0.45413671E+04 -0.34966792E+04
  0.21300000E+01  0.45605908E+04 -0.34886150E+04
  0.21350000E+01  0.45795712E+04 -0.34804142E+04
  0.21400000E+01  0.45970192E+04 -0.34732522E+04
  0.21450000E+01  0.46159229E+04 -0.34666409E+04
  0.21500000E+01  0.46354516E+04 -0.34593543E+04
  0.21550000E+01  0.46567321E+04 -0.34518474E+04
  0.21600000E+01  0.46826586E+04 -0.34411223E+04
  0.21650000E+01  0.47029345E+04 -0.34248534E+04
  0.21700000E+01  0.47048758E+04 -0.34076961E+04
  0.21750000E+01  0.46976672E+04 -0.33960714E+04
  0.21800000E+01  0.47006612E+04 -0.33876236E+04
  0.21850000E+01  0.47029910E+04 -0.33718227E+04
  0.21900000E+01  0.46741070E+04 -0.33592405E+04
  0.21950000E+01  0.46462210E+04 -0.33594838E+04
  0.22000000E+01  0.46314470E+04 -0.33651897E+04
  0.22050000E+01  0.46305275E+04 -0.33727632E+04
  0.22100000E+01  0.46499334E+04 -0.33802456E+04
  0.22150000E+01  0.46833586E+04 -0.33393642E+04
  0.22200000E+01  0.46246842E+04 -0.33412062E+04
  0.22250000E+01  0.46056843E+04 -0.33524310E+04
  0.22300000E+01  0.46025092E+04 -0.33640179E+04
  0.22350000E+01  0.46068045E+04 -0.33742649E+04
  0.22400000E+01  0.46129747E+04 -0.33832599E+04
  0.22450000E+01  0.46192529E+04 -0.33921643E+04
  0.22500000E+01  0.46255476E+04 -0.34036705E+04
  0.22550000E+01  0.46441593E+04 -0.34157481E+04
  0.22600000E+01  0.46627704E+04 -0.34236998E+04
  0.22650000E+01  0.46851796E+04 -0.34335592E+04
  0.22700000E+01  0.47080480E+04 -0.34411639E+04
  0.22750000E+01  0.47360103E+04 -0.34482695E+04
  0.22800000E+01  0.47584176E+04 -0.34527409E+04
  0.22850000E+01  0.47809927E+04 -0.34579716E+04
  0.22900000E+01  0.47976554E+04 -0.34634872E+04
  0.22950000E+01  0.48159557E+04 -0.34717023E+04
  0.23000000E+01  0.48390768E+04 -0.34811706E+04
  0.23050000E+01  0.48672073E+04 -0.34907511E+04
  0.23100000E+01  0.49046619E+04 -0.35007076E+04
  0.23150000E+01  0.49535793E+04 -0.35086273E+04
  0.23200000E+01  0.50211434E+04 -0.35081367E+04
  0.23250000E+01  0.50667112E+04 -0.34925370E+04
  0.23300000E+01  0.50837997E+04 -0.34792652E+04
  0.23350000E+01  0.50958060E+04 -0.34758154E+04
  0.23400000E+01  0.51182713E+04 -0.34741480E+04
  0.23450000E+01  0.51407293E+04 -0.34716794E+04
  0.23500000E+01  0.51632547E+04 -0.34689862E+04
  0.23550000E+01  0.51845115E+04 -0.34661337E+04
  0.23600000E+01  0.52072024E+04 -0.34639206E+04
  0.23650000E+01  0.52339266E+04 -0.34612798E+04
  0.23700000E+01  0.52620760E+04 -0.34565772E+04
  0.23750000E+01  0.52878114E+04 -0.34464780E+04
  0.23800000E+01  0.52936085E+04 -0.34367957E+04
  0.23850000E+01  0.52972522E+04 -0.34346428E+04
  0.23900000E+01  0.53109708E+04 -0.34344219E+04
  0.23950000E+01  0.53296754E+04 -0.34343957E+04
  0.24000000E+01  0.53537063E+04 -0.34300930E+04
  0.24050000E+01  0.53687931E+04 -0.34241223E+04
  0.24100000E+01  0.53808749E+04 -0.34200962E+04
  0.24150000E+01  0.53897387E+04 -0.34169988E+04
  0.24200000E+01  0.53996083E+04 -0.34157610E+04
  0.24250000E+01  0.53957921E+04 -0.34188791E+04
  0.24300000E+01  0.54045665E+04 -0.34250823E+04
  0.24350000E+01  0.54159853E+04 -0.34336890E+04
  0.24400000E+01  0.54341795E+04 -0.34434202E+04
  0.24450000E+01  0.54561673E+04 -0.34533716E+04
  0.24500000E+01  0.54800074E+04 -0.34620944E+04
  0.24550000E+01  0.55066601E+04 -0.34738683E+04
  0.24600000E+01  0.55449481E+04 -0.34865019E+04
  0.24650000E+01  0.55923609E+04 -0.34964978E+04
  0.24700000E+01  0.56397726E+04 -0.35048164E+04
  0.24750000E+01  0.56955676E+04 -0.35146700E+04
  0.24800000E+01  0.57648570E+04 -0.35220594E+04
  0.24850000E+01  0.58424676E+04 -0.35251123E+04
  0.24900000E+01  0.59272168E+04 -0.35265895E+04
  0.24950000E+01  0.60296035E+04 -0.35244449E+04
  0.25000000E+01  0.61420364E+04 -0.34902788E+04
  0.25050000E+01  0.62102571E+04 -0.34683736E+04
  0.25100000E+01  0.62901147E+04 -0.34392376E+04
  0.25150000E+01  0.63589929E+04 -0.34062749E+04
  0.25200000E+01  0.64225834E+04 -0.33696931E+04
  0.25250000E+01  0.64657358E+04 -0.33239244E+04
  0.25300000E+01  0.64883088E+04 -0.32829580E+04
  0.25350000E+01  0.64968800E+04 -0.32456848E+04
  0.25400000E+01  0.65003761E+04 -0.32138123E+04
  0.25450000E+01  0.65015028E+04 -0.31856556E+04
  0.25500000E+01  0.65071010E+04 -0.31604284E+04
  0.25550000E+01  0.65163812E+04 -0.31359871E+04
  0.25600000E+01  0.65221692E+04 -0.31053675E+04
  0.25650000E+01  0.65108654E+04 -0.30793657E+04
  0.25700000E+01  0.64942074E+04 -0.30574348E+04
  0.25750000E+01  0.64782546E+04 -0.30412562E+04
  0.25800000E+01  0.64681713E+04 -0.30288730E+04
  0.25850000E+01  0.64645680E+04 -0.30182672E+04
  0.25900000E+01  0.64657386E+04 -0.30086359E+04
  0.25950000E+01  0.64695781E+04 -0.29963020E+04
  0.26000000E+01  0.64788167E+04 -0.29876716E+04
  0.26050000E+01  0.64968650E+04 -0.29761131E+04
  0.26100000E+01  0.65114811E+04 -0.29581570E+04
  0.26150000E+01  0.65135561E+04 -0.29343826E+04
  0.26200000E+01  0.64888736E+04 -0.29207848E+04
  0.26250000E+01  0.64738437E+04 -0.29128135E+04
  0.26300000E+01  0.64654725E+04 -0.29060228E+04
  0.26350000E+01  0.64590652E+04 -0.29000247E+04
  0.26400000E+01  0.64519069E+04 -0.28963340E+04
  0.26450000E+01  0.64499962E+04 -0.28947621E+04
  0.26500000E+01  0.64555339E+04 -0.28943050E+04
  0.26550000E+01  0.64669127E+04 -0.28961287E+04
  0.26600000E+01  0.64780879E+04 -0.28863675E+04
  0.26650000E+01  0.64881266E+04 -0.28854108E+04
  0.26700000E+01  0.65051963E+04 -0.28847783E+04
  0.26750000E+01  0.65264175E+04 -0.28833484E+04
  0.26800000E+01  0.65535713E+04 -0.28817231E+04
  0.26850000E+01  0.65844819E+04 -0.28778483E+04
  0.26900000E+01  0.66198372E+04 -0.28724481E+04
  0.26950000E+01  0.66605942E+04 -0.28636103E+04
  0.27000000E+01  0.66977429E+04 -0.28495589E+04
  0.27050000E+01  0.67216657E+04 -0.28327821E+04
  0.27100000E+01  0.67382169E+04 -0.28193083E+04
  0.27150000E+01  0.67616484E+04 -0.28068266E+04
  0.27200000E+01  0.67877816E+04 -0.27890178E+04
  0.27250000E+01  0.68051729E+04 -0.27665835E+04
  0.27300000E+01  0.67992953E+04 -0.27465457E+04
  0.27350000E+01  0.67994043E+04 -0.27300145E+04
  0.27400000E+01  0.67903029E+04 -0.27129790E+04
  0.27450000E+01  0.67677077E+04 -0.26995253E+04
  0.27500000E+01  0.67441413E+04 -0.26915984E+04
  0.27550000E+01  0.67209901E+04 -0.26882794E+04
  0.27600000E+01  0.67001037E+04 -0.26883825E+04
  0.27650000E+01  0.66834626E+04 -0.26916034E+04
  0.27700000E+01  0.66728696E+04 -0.26964378E+04
  0.27750000E+01  0.66654370E+04 -0.27019472E+04
  0.27800000E+01  0.66611620E+04 -0.27087441E+04
  0.27850000E+01  0.66622903E+04 -0.27168946E+04
  0.27900000E+01  0.66707184E+04 -0.27249063E+04
  0.27950000E+01  0.66868854E+04 -0.27326790E+04
  0.28000000E+01  0.67095892E+04 -0.27374668E+04
  0.28050000E+01  0.67321573E+04 -0.27402887E+04
  0.28100000E+01  0.67566627E+04 -0.27417836E+04
  0.28150000E+01  0.67833783E+04 -0.27415723E+04
  0.28200000E+01  0.68132780E+04 -0.27383257E+04
  0.28250000E+01  0.68388614E+04 -0.27314920E+04
  0.28300000E+01  0.68566180E+04 -0.27210451E+04
  0.28350000E+01  0.68600052E+04 -0.27166067E+04
  0.28400000E+01  0.68733760E+04 -0.27168089E+04
  0.28450000E+01  0.68988152E+04 -0.27176739E+04
  0.28500000E+01  0.69338065E+04 -0.27152264E+04
  0.28550000E+01  0.69670315E+04 -0.27099186E+04
  0.28600000E+01  0.70006912E+04 -0.27037032E+04
  0.28650000E+01  0.70358415E+04 -0.26960163E+04
  0.28700000E+01  0.70695489E+04 -0.26863410E+04
  0.28750000E+01  0.71058642E+04 -0.26784160E+04
  0.28800000E+01  0.71548956E+04 -0.26696683E+04
  0.28850000E+01  0.72159271E+04 -0.26524308E+04
  0.28900000E+01  0.72641998E+04 -0.26270377E+04
  0.28950000E+01  0.73052602E+04 -0.26007293E+04
  0.29000000E+01  0.73429799E+04 -0.25744033E+04
  0.29050000E+01  0.73899369E+04 -0.25447454E+04
  0.29100000E+01  0.74214455E+04 -0.25042033E+04
  0.29150000E+01  0.74356072E+04 -0.24647013E+04
  0.29200000E+01  0.74396407E+04 -0.24273681E+04
  0.29250000E+01  0.74261010E+04 -0.23913919E+04
  0.29300000E+01  0.74100703E+04 -0.23659918E+04
  0.29350000E+01  0.74093106E+04 -0.23449093E+04
  0.29400000E+01  0.74298180E+04 -0.23184199E+04
  0.29450000E+01  0.74344515E+04 -0.22730629E+04
  0.29500000E+01  0.73834775E+04 -0.22424078E+04
  0.29550000E+01  0.73473060E+04 -0.22220559E+04
  0.29600000E+01  0.73094469E+04 -0.22089954E+04
  0.29650000E+01  0.72861931E+04 -0.22030245E+04
  0.29700000E+01  0.72745269E+04 -0.21959714E+04
  0.29750000E+01  0.72608978E+04 -0.21891296E+04
  0.29800000E+01  0.72495034E+04 -0.21839495E+04
  0.29850000E+01  0.72391060E+04 -0.21805148E+04
  0.29900000E+01  0.72322609E+04 -0.21783286E+04
  0.29950000E+01  0.72296096E+04 -0.21761993E+04
  0.30000000E+01  0.72291385E+04 -0.21730401E+04
  0.30050000E+01  0.72282106E+04 -0.21687645E+04
  0.30100000E+01  0.72231351E+04 -0.21641260E+04
  0.30150000E+01  0.72161569E+04 -0.21595521E+04
  0.30200000E+01  0.72008557E+04 -0.21568374E+04
  0.30250000E+01  0.71841153E+04 -0.21564778E+04
  0.30300000E+01  0.71617438E+04 -0.21587264E+04
  0.30350000E+01  0.71380406E+04 -0.21696678E+04
  0.30400000E+01  0.71315648E+04 -0.21856217E+04
  0.30450000E+01  0.71413556E+04 -0.22012222E+04
  0.30500000E+01  0.71586045E+04 -0.22123910E+04
  0.30550000E+01  0.71783720E+04 -0.22240481E+04
  0.30600000E+01  0.72082691E+04 -0.22351605E+04
  0.30650000E+01  0.72620176E+04 -0.22453205E+04
  0.30700000E+01  0.73339098E+04 -0.22449135E+04
  0.30750000E+01  0.74026339E+04 -0.22308011E+04
  0.30800000E+01  0.74518253E+04 -0.22049413E+04
  0.30850000E+01  0.74641835E+04 -0.21767425E+04
  0.30900000E+01  0.74630687E+04 -0.21591663E+04
  0.30950000E+01  0.74551952E+04 -0.21429638E+04
  0.31000000E+01  0.74407468E+04 -0.21362315E+04
  0.31050000E+01  0.74339122E+04 -0.21350128E+04
  0.31100000E+01  0.74392552E+04 -0.21363139E+04
  0.31150000E+01  0.74464102E+04 -0.21377951E+04
  0.31200000E+01  0.74571160E+04 -0.21423908E+04
  0.31250000E+01  0.74807885E+04 -0.21487592E+04
  0.31300000E+01  0.75088793E+04 -0.21535697E+04
  0.31350000E+01  0.75448736E+04 -0.21604324E+04
  0.31400000E+01  0.75956290E+04 -0.21662858E+04
  0.31450000E+01  0.76585852E+04 -0.21685383E+04
  0.31500000E+01  0.77255447E+04 -0.21651474E+04
  0.31550000E+01  0.78034190E+04 -0.21559228E+04
  0.31600000E+01  0.78728165E+04 -0.21397689E+04
  0.31650000E+01  0.79479501E+04 -0.21205576E+04
  0.31700000E+01  0.80195391E+04 -0.20893926E+04
  0.31750000E+01  0.80603533E+04 -0.20515123E+04
  0.31800000E+01  0.80738723E+04 -0.20243719E+04
  0.31850000E+01  0.81101440E+04 -0.20027139E+04
  0.31900000E+01  0.81479907E+04 -0.19755641E+04
  0.31950000E+01  0.81742291E+04 -0.19513882E+04
  0.32000000E+01  0.82012821E+04 -0.19311992E+04
  0.32050000E+01  0.82388091E+04 -0.19130900E+04
  0.32100000E+01  0.82812893E+04 -0.18916495E+04
  0.32150000E+01  0.83219970E+04 -0.18665651E+04
  0.32200000E+01  0.83551827E+04 -0.18410618E+04
  0.32250000E+01  0.83843063E+04 -0.18152023E+04
  0.32300000E+01  0.84078087E+04 -0.17921338E+04
  0.32350000E+01  0.84386616E+04 -0.17711865E+04
  0.32400000E+01  0.84736785E+04 -0.17444704E+04
  0.32450000E+01  0.84962674E+04 -0.17211610E+04
  0.32500000E+01  0.85349641E+04 -0.16970619E+04
  0.32550000E+01  0.85628054E+04 -0.16708524E+04
  0.32600000E+01  0.85949543E+04 -0.16494842E+04
  0.32650000E+01  0.86365867E+04 -0.16278115E+04
  0.32700000E+01  0.86880025E+04 -0.16029956E+04
  0.32750000E+01  0.87437833E+04 -0.15703918E+04
  0.32800000E+01  0.87984360E+04 -0.15293396E+04
  0.32850000E+01  0.88180599E+04 -0.14911290E+04
  0.32900000E+01  0.88598158E+04 -0.14557421E+04
  0.32950000E+01  0.88929116E+04 -0.14137355E+04
  0.33000000E+01  0.89248910E+04 -0.13741422E+04
  0.33050000E+01  0.89544454E+04 -0.13312478E+04
  0.33100000E+01  0.89847994E+04 -0.12855596E+04
  0.33150000E+01  0.90109976E+04 -0.12318014E+04
  0.33200000E+01  0.89974082E+04 -0.11738306E+04
  0.33250000E+01  0.89587682E+04 -0.11323948E+04
  0.33300000E+01  0.89421761E+04 -0.11033764E+04
  0.33350000E+01  0.89421452E+04 -0.10772969E+04
  0.33400000E+01  0.89671394E+04 -0.10506093E+04
  0.33450000E+01  0.90123597E+04 -0.10125102E+04
  0.33500000E+01  0.90492881E+04 -0.95965756E+03
  0.33550000E+01  0.90565556E+04 -0.90645569E+03
  0.33600000E+01  0.90498280E+04 -0.85519974E+03
  0.33650000E+01  0.90327109E+04 -0.81693555E+03
  0.33700000E+01  0.90460801E+04 -0.78400791E+03
  0.33750000E+01  0.90588792E+04 -0.74557074E+03
  0.33800000E+01  0.90804998E+04 -0.70111602E+03
  0.33850000E+01  0.90776705E+04 -0.65512560E+03
  0.33900000E+01  0.90684482E+04 -0.61421557E+03
  0.33950000E+01  0.90652965E+04 -0.57471410E+03
  0.34000000E+01  0.90524948E+04 -0.53522438E+03
  0.34050000E+01  0.90327363E+04 -0.49513856E+03
  0.34100000E+01  0.90066628E+04 -0.45991583E+03
  0.34150000E+01  0.89761054E+04 -0.42593277E+03
  0.34200000E+01  0.89438372E+04 -0.39377418E+03
  0.34250000E+01  0.89053333E+04 -0.36418783E+03
  0.34300000E+01  0.88699380E+04 -0.33842412E+03
  0.34350000E+01  0.88314612E+04 -0.31300930E+03
  0.34400000E+01  0.87837980E+04 -0.29063073E+03
  0.34450000E+01  0.87324576E+04 -0.27588279E+03
  0.34500000E+01  0.86900384E+04 -0.26878903E+03
  0.34550000E+01  0.86618038E+04 -0.26292770E+03
  0.34600000E+01  0.86371101E+04 -0.26066641E+03
  0.34650000E+01  0.86313852E+04 -0.26015163E+03
  0.34700000E+01  0.86374669E+04 -0.25587578E+03
  0.34750000E+01  0.86473438E+04 -0.24667254E+03
  0.34800000E+01  0.86471741E+04 -0.23319294E+03
  0.34850000E+01  0.86394405E+04 -0.22548508E+03
  0.34900000E+01  0.86394310E+04 -0.22225734E+03
  0.34950000E+01  0.86553728E+04 -0.21768969E+03
  0.35000000E+01  0.86827083E+04 -0.20846182E+03
